NODE_11_length_8124_cov_5.529887	UniRef50_A0A4U0XGT3	0.676	82	17	0	0	52	0	82	4.048E-28	113
NODE_11_length_8124_cov_5.529887	UniRef50_A0A0J8RA24	0.938	253	15	0	0	237	0	253	1.230E-158	500
NODE_11_length_8124_cov_5.529887	UniRef50_A0A0J8RA24	0.432	415	91	0	0	162	0	415	3.631E-97	318
NODE_11_length_8124_cov_5.529887	UniRef50_A7KPA2	1.000	22	0	0	0	22	0	22	1.952E-07	52
NODE_11_length_8124_cov_5.529887	UniRef50_A7KPA2	0.878	188	20	0	0	168	0	188	2.315E-106	345
NODE_11_length_8124_cov_5.529887	UniRef50_A0A0J8U277	0.440	102	20	0	0	37	0	102	5.477E-18	83
NODE_11_length_8124_cov_5.529887	UniRef50_A0A022VSX5	0.877	117	14	0	0	117	0	117	1.897E-62	216
NODE_11_length_8124_cov_5.529887	UniRef50_A0A022VSX5	0.752	380	72	0	0	290	0	380	6.822E-186	582
NODE_11_length_8124_cov_5.529887	UniRef50_A0A5N6G666	1.000	61	0	0	0	58	0	61	3.315E-37	139
NODE_11_length_8124_cov_5.529887	UniRef50_J3NTU9	0.688	33	6	0	0	19	0	33	2.873E-06	48
NODE_12_length_5179_cov_5.585261	UniRef50_A0A219AQH5	0.612	108	22	0	0	58	0	108	1.871E-34	132
NODE_12_length_5179_cov_5.585261	UniRef50_C0P0Y4	0.752	76	14	0	0	59	0	76	6.861E-30	119
NODE_12_length_5179_cov_5.585261	UniRef50_A0A0J6F653	1.000	29	0	0	0	29	0	29	5.782E-12	65
NODE_12_length_5179_cov_5.585261	UniRef50_A0A179V7D3	1.000	65	0	0	0	65	0	65	2.989E-39	146
NODE_12_length_5179_cov_5.585261	UniRef50_A0A0J6F653	0.837	139	18	0	0	114	0	139	7.654E-72	243
NODE_12_length_5179_cov_5.585261	UniRef50_A0A0G2I3L6	0.591	368	82	0	0	201	0	368	1.558E-132	422
NODE_12_length_5179_cov_5.585261	UniRef50_A0A0J6F653	0.168	286	14	0	0	18	0	286	8.436E-04	41
NODE_12_length_5179_cov_5.585261	UniRef50_A0A0J6F653	0.288	356	51	0	0	73	0	356	3.879E-41	152
NODE_12_length_5179_cov_5.585261	UniRef50_E9DGF1	0.942	92	5	0	0	92	0	92	5.390E-52	184
NODE_12_length_5179_cov_5.585261	UniRef50_C0P0Y4	0.386	114	23	0	0	38	0	114	3.604E-16	78
NODE_12_length_5179_cov_5.585261	UniRef50_E9DGF1	0.278	120	19	0	0	28	0	120	5.258E-07	51
NODE_12_length_5179_cov_5.585261	UniRef50_C0P0Y4	0.554	248	58	0	0	131	0	248	6.834E-79	264
NODE_12_length_5179_cov_5.585261	UniRef50_E9DGF1	0.252	219	27	0	0	37	0	219	1.218E-15	76
NODE_12_length_5179_cov_5.585261	UniRef50_C0P0Y4	0.209	278	23	0	0	30	0	278	9.060E-13	68
NODE_13_length_4526_cov_5.352664	UniRef50_A0A1J9QX81	0.219	378	31	0	0	41	0	378	1.505E-23	99
NODE_13_length_4526_cov_5.352664	UniRef50_A0A1J9QX81	0.183	417	25	0	0	32	0	417	1.178E-14	73
NODE_13_length_4526_cov_5.352664	UniRef50_A0A0J8QXI8	0.261	125	17	0	0	24	0	125	5.345E-06	48
NODE_13_length_4526_cov_5.352664	UniRef50_E9DGE2	1.000	80	0	0	0	80	0	80	3.125E-49	175
NODE_13_length_4526_cov_5.352664	UniRef50_A0A0J6Y737	0.907	129	12	0	0	129	0	129	6.729E-73	246
NODE_13_length_4526_cov_5.352664	UniRef50_A0A0J6I9Y8	0.393	65	11	0	0	19	0	65	7.481E-06	47
NODE_13_length_4526_cov_5.352664	UniRef50_E9DGE4	0.542	59	11	0	0	26	0	59	1.742E-11	64
NODE_14_length_4398_cov_4.708169	UniRef50_A0A177D571	0.705	71	14	0	0	48	0	71	9.129E-25	103
NODE_14_length_4398_cov_4.708169	UniRef50_J3K6D4	0.846	81	12	0	0	80	0	81	2.253E-38	144
NODE_14_length_4398_cov_4.708169	UniRef50_A0A0D2C7H3	0.727	332	61	0	0	225	0	332	6.513E-155	488
NODE_14_length_4398_cov_4.708169	UniRef50_A0A0D2C7H3	0.192	363	24	0	0	31	0	363	2.893E-14	72
NODE_14_length_4398_cov_4.708169	UniRef50_J3K6D4	0.577	165	35	0	0	83	0	165	9.730E-53	186
NODE_14_length_4398_cov_4.708169	UniRef50_J3K6D4	0.192	182	13	0	0	17	0	182	7.404E-03	38
NODE_14_length_4398_cov_4.708169	UniRef50_J3K6D4	0.411	279	59	0	0	102	0	279	7.997E-58	201
NODE_14_length_4398_cov_4.708169	UniRef50_J3K6D4	0.198	364	28	0	0	36	0	364	3.232E-16	78
NODE_14_length_4398_cov_4.708169	UniRef50_J3K6D4	0.256	331	39	0	0	53	0	331	2.457E-29	117
NODE_15_length_4188_cov_4.710776	UniRef50_C5PE73	1.000	100	0	0	0	100	0	100	4.815E-64	219
NODE_15_length_4188_cov_4.710776	UniRef50_C5PE73	0.653	232	49	0	0	141	0	232	7.578E-92	302
NODE_15_length_4188_cov_4.710776	UniRef50_A0A1U9P4S1	0.428	147	28	0	0	50	0	147	1.934E-28	114
NODE_15_length_4188_cov_4.710776	UniRef50_A0A0J6Y1K8	0.888	231	23	0	0	207	0	231	9.726E-135	429
NODE_15_length_4188_cov_4.710776	UniRef50_A0A2A9PCQ6	0.331	202	34	0	0	52	0	202	1.325E-26	109
NODE_15_length_4188_cov_4.710776	UniRef50_A0A2W6E4W0	0.488	149	34	0	0	68	0	149	5.070E-36	137
NODE_15_length_4188_cov_4.710776	UniRef50_A0A2B7XWH8	0.698	163	33	0	0	109	0	163	1.076E-67	230
NODE_16_length_3897_cov_3.867277	UniRef50_A0A1J9QJK2	0.569	90	19	0	0	44	0	90	3.613E-24	101
NODE_16_length_3897_cov_3.867277	UniRef50_A0A0J6F216	0.983	84	1	0	0	84	0	84	1.477E-49	177
NODE_16_length_3897_cov_3.867277	UniRef50_A0A0J6FJC9	0.702	66	12	0	0	42	0	66	2.763E-22	96
NODE_16_length_3897_cov_3.867277	UniRef50_E9DAR5	0.544	66	13	0	0	30	0	66	5.170E-14	71
NODE_16_length_3897_cov_3.867277	UniRef50_C5P6Z7	1.000	23	0	0	0	23	0	23	5.787E-08	53
NODE_16_length_3897_cov_3.867277	UniRef50_C5P6Z7	0.317	129	19	0	0	29	0	129	2.225E-12	66
NODE_16_length_3897_cov_3.867277	UniRef50_C5P6Z7	0.388	194	39	0	0	64	0	194	4.793E-34	131
NODE_16_length_3897_cov_3.867277	UniRef50_A0A0J8UXN1	0.763	198	34	0	0	143	0	198	2.072E-94	309
NODE_16_length_3897_cov_3.867277	UniRef50_C5P6Z7	0.223	383	37	0	0	49	0	383	5.100E-25	104
NODE_16_length_3897_cov_3.867277	UniRef50_A0A1J9QCV7	0.382	253	50	0	0	82	0	253	9.407E-46	166
NODE_16_length_3897_cov_3.867277	UniRef50_A0A0J8S8H1	0.704	146	30	0	0	101	0	146	2.573E-60	209
NODE_16_length_3897_cov_3.867277	UniRef50_A0A1J9QJW5	0.350	189	32	0	0	50	0	189	3.358E-27	110
NODE_16_length_3897_cov_3.867277	UniRef50_C5P6Z8	0.548	310	70	0	0	156	0	310	1.746E-99	325
NODE_16_length_3897_cov_3.867277	UniRef50_C5P6Z8	0.226	349	33	0	0	44	0	349	4.576E-23	98
NODE_16_length_3897_cov_3.867277	UniRef50_C5P6Z8	0.245	405	42	0	0	56	0	405	2.317E-34	131
NODE_16_length_3897_cov_3.867277	UniRef50_C5P6Z8	0.257	482	57	0	0	78	0	482	4.466E-47	169
NODE_16_length_3897_cov_3.867277	UniRef50_E9DAR7	1.000	66	0	0	0	66	0	66	1.819E-40	149
NODE_16_length_3897_cov_3.867277	UniRef50_E9DAR7	0.382	114	22	0	0	37	0	114	8.860E-16	77
NODE_17_length_3724_cov_5.413765	UniRef50_A0A0D8JUC9	0.460	226	46	0	0	86	0	226	3.485E-54	190
NODE_17_length_3724_cov_5.413765	UniRef50_A0A084AZR3	0.546	155	35	0	0	77	0	155	4.893E-45	163
NODE_18_length_3551_cov_5.777202	UniRef50_A0A0H1BKW6	0.497	164	37	0	0	75	0	164	1.209E-41	153
NODE_18_length_3551_cov_5.777202	UniRef50_A0A0J6FBR2	0.869	79	9	0	0	68	0	79	6.557E-39	145
NODE_19_length_3404_cov_5.194169	UniRef50_E9CSH9	0.990	83	1	0	0	83	0	83	2.646E-49	176
NODE_19_length_3404_cov_5.194169	UniRef50_A0A0J6FE70	0.678	108	23	0	0	71	0	108	4.415E-40	149
NODE_19_length_3404_cov_5.194169	UniRef50_A0A0D8JTG2	0.994	90	1	0	0	90	0	90	1.646E-54	191
NODE_19_length_3404_cov_5.194169	UniRef50_J3K8C2	0.382	164	31	0	0	51	0	164	1.258E-26	109
NODE_19_length_3404_cov_5.194169	UniRef50_J3K8C2	0.413	278	57	0	0	98	0	278	4.791E-58	202
NODE_19_length_3404_cov_5.194169	UniRef50_J3K8C2	0.207	334	27	0	0	35	0	334	1.620E-16	79
NODE_19_length_3404_cov_5.194169	UniRef50_J3K8C2	0.183	360	23	0	0	29	0	360	1.503E-11	64
NODE_19_length_3404_cov_5.194169	UniRef50_A0A194VQE6	0.174	621	34	0	0	42	0	621	1.352E-21	94
NODE_20_length_2528_cov_4.374541	UniRef50_C4JFT8	0.972	45	1	0	0	45	0	45	8.400E-22	94
NODE_20_length_2528_cov_4.374541	UniRef50_C4JFT8	0.699	140	28	0	0	95	0	140	7.112E-57	198
NODE_20_length_2528_cov_4.374541	UniRef50_C4JFT8	0.241	166	19	0	0	26	0	166	2.651E-08	55
NODE_20_length_2528_cov_4.374541	UniRef50_C4JFT8	0.308	211	30	0	0	45	0	211	2.019E-24	102
NODE_20_length_2528_cov_4.374541	UniRef50_C4JFT8	0.441	323	67	0	0	120	0	323	3.044E-76	256
NODE_20_length_2528_cov_4.374541	UniRef50_A0A0J8RQT1	0.986	113	2	0	0	113	0	113	4.431E-70	237
NODE_22_length_2086_cov_4.163763	UniRef50_F0UAP7	0.521	92	21	0	0	44	0	92	2.837E-21	93
NODE_22_length_2086_cov_4.163763	UniRef50_A0A0E1RXJ8	0.983	37	1	0	0	37	0	37	1.315E-16	79
NODE_22_length_2086_cov_4.163763	UniRef50_A0A0E1RXJ8	0.970	239	7	0	0	238	0	239	2.496E-155	490
NODE_22_length_2086_cov_4.163763	UniRef50_A0A0E1RXJ8	0.273	302	39	0	0	55	0	302	5.584E-30	119
NODE_22_length_2086_cov_4.163763	UniRef50_A0A2B7YEH6	0.228	408	41	0	0	54	0	408	4.879E-29	116
NODE_22_length_2086_cov_4.163763	UniRef50_A0A0E1RXJ8	0.301	400	59	0	0	85	0	400	9.841E-52	183
NODE_22_length_2086_cov_4.163763	UniRef50_A0A1E2XUN2	0.735	69	14	0	0	53	0	69	2.425E-25	105
NODE_23_length_1908_cov_5.866739	UniRef50_A0A0J8S6B4	0.648	76	16	0	0	47	0	76	1.097E-23	100
NODE_23_length_1908_cov_5.866739	UniRef50_A0A0J8S6B4	0.424	118	24	0	0	43	0	118	1.316E-20	91
NODE_23_length_1908_cov_5.866739	UniRef50_C5FE08	0.697	87	17	0	0	57	0	87	7.320E-32	124
NODE_23_length_1908_cov_5.866739	UniRef50_C5FE08	0.493	206	45	0	0	90	0	206	4.251E-54	190
NODE_23_length_1908_cov_5.866739	UniRef50_A0A0J8S741	0.821	96	13	0	0	76	0	96	1.312E-45	165
NODE_23_length_1908_cov_5.866739	UniRef50_A0A0J8S6B4	0.942	30	2	0	0	30	0	30	1.075E-10	62
NODE_24_length_1787_cov_5.092982	UniRef50_E9DHA0	0.933	266	16	0	0	246	0	266	2.947E-166	522
NODE_24_length_1787_cov_5.092982	UniRef50_E9DHA0	0.521	507	115	0	0	241	0	507	4.771E-157	496
NODE_26_length_1298_cov_4.638002	UniRef50_A0A0J6FQ97	0.295	225	29	0	0	42	0	225	3.248E-24	101
NODE_26_length_1298_cov_4.638002	UniRef50_E9DE13	0.353	98	16	0	0	26	0	98	4.207E-10	60
NODE_26_length_1298_cov_4.638002	UniRef50_A0A0J6FQ97	0.328	153	27	0	0	41	0	153	1.283E-17	82
NODE_26_length_1298_cov_4.638002	UniRef50_A0A0J6FD98	0.526	120	28	0	0	60	0	120	7.852E-31	121
NODE_26_length_1298_cov_4.638002	UniRef50_A0A0J6FQ97	0.252	183	22	0	0	30	0	183	1.156E-11	64
NODE_26_length_1298_cov_4.638002	UniRef50_A0A0J6FQ97	0.375	124	24	0	0	40	0	124	3.156E-17	81
NODE_26_length_1298_cov_4.638002	UniRef50_A0A0J6FQ97	0.252	183	22	0	0	30	0	183	1.156E-11	64
NODE_26_length_1298_cov_4.638002	UniRef50_A0A0J6FQ97	0.215	174	16	0	0	21	0	174	1.600E-05	46
NODE_27_length_1099_cov_128.400196	UniRef50_A0A513U0R5	0.489	90	20	0	0	40	0	90	2.483E-18	84
NODE_27_length_1099_cov_128.400196	UniRef50_A0A513U0R5	0.326	159	27	0	0	41	0	159	1.907E-18	85
NODE_27_length_1099_cov_128.400196	UniRef50_A0A481S0Z6	0.710	198	41	0	0	144	0	198	6.893E-86	285
NODE_29_length_873_cov_2.576633	UniRef50_A0A0J6YCV3	0.531	157	38	0	0	83	0	157	1.139E-43	160
NODE_35_length_750_cov_4.644874	UniRef50_A0A0J8RXC0	1.000	137	0	0	0	137	0	137	1.835E-89	295
NODE_36_length_720_cov_4.572317	UniRef50_C4JJG1	1.000	95	0	0	0	95	0	95	6.467E-63	216
NODE_36_length_720_cov_4.572317	UniRef50_A0A0J8QXN7	0.919	66	5	0	0	66	0	66	1.884E-33	129
NODE_36_length_720_cov_4.572317	UniRef50_A0A0J8QXN7	0.481	102	21	0	0	42	0	102	2.551E-21	93
NODE_40_length_638_cov_5.928699	UniRef50_J3KGI8	0.271	208	26	0	0	37	0	208	1.034E-17	82
NODE_40_length_638_cov_5.928699	UniRef50_A0A0J6XZ68	0.908	46	4	0	0	46	0	46	4.001E-20	90
NODE_40_length_638_cov_5.928699	UniRef50_A0A0J6XZ68	0.622	90	22	0	0	58	0	90	1.040E-27	112
NODE_41_length_634_cov_4.468582	UniRef50_E9CYW8	0.487	120	26	0	0	52	0	120	3.727E-27	110
NODE_41_length_634_cov_4.468582	UniRef50_A0A0D8JTV7	1.000	49	0	0	0	49	0	49	3.760E-29	116
NODE_41_length_634_cov_4.468582	UniRef50_A0A0D8JTV7	0.485	88	20	0	0	39	0	88	2.176E-17	81
NODE_1_length_42712_cov_5.767726	UniRef50_E9D567	1.000	33	0	0	0	33	0	33	9.059E-15	74
NODE_1_length_42712_cov_5.767726	UniRef50_E9D567	0.633	90	20	0	0	55	0	90	1.330E-28	115
NODE_1_length_42712_cov_5.767726	UniRef50_F0UGL8	1.000	59	0	0	0	59	0	59	5.547E-35	133
NODE_1_length_42712_cov_5.767726	UniRef50_A0A0E1S154	0.258	466	54	0	0	74	0	466	1.187E-45	165
NODE_1_length_42712_cov_5.767726	UniRef50_A0A0D8JWX6	0.263	204	25	0	0	35	0	204	7.943E-16	77
NODE_1_length_42712_cov_5.767726	UniRef50_E9D560	0.951	37	2	0	0	37	0	37	1.218E-15	76
NODE_1_length_42712_cov_5.767726	UniRef50_E9D560	0.443	94	19	0	0	35	0	94	4.205E-16	78
NODE_1_length_42712_cov_5.767726	UniRef50_A0A0D8JV25	0.714	198	38	0	0	135	0	198	1.263E-86	286
NODE_1_length_42712_cov_5.767726	UniRef50_A0A0D8JWX6	0.269	247	31	0	0	43	0	247	2.915E-22	96
NODE_1_length_42712_cov_5.767726	UniRef50_J3KKT5	0.962	124	5	0	0	123	0	124	2.344E-75	253
NODE_1_length_42712_cov_5.767726	UniRef50_A0A0D8JUC9	1.000	72	0	0	0	70	0	72	2.649E-42	155
NODE_1_length_42712_cov_5.767726	UniRef50_A0A0E1RW96	0.501	216	47	0	0	95	0	216	1.600E-58	203
NODE_1_length_42712_cov_5.767726	UniRef50_A0A0E1RWW2	0.915	148	12	0	0	143	0	148	4.791E-86	285
NODE_1_length_42712_cov_5.767726	UniRef50_J3K5D2	0.890	43	4	0	0	36	0	43	9.794E-18	82
NODE_1_length_42712_cov_5.767726	UniRef50_A0A0D8JWX6	0.376	360	69	0	0	111	0	360	4.198E-67	229
NODE_1_length_42712_cov_5.767726	UniRef50_E9D560	0.205	321	26	0	0	34	0	321	6.965E-15	74
NODE_1_length_42712_cov_5.767726	UniRef50_E9D561	0.620	91	21	0	0	57	0	91	5.242E-28	113
NODE_1_length_42712_cov_5.767726	UniRef50_A0A179TVL5	0.383	122	24	0	0	40	0	122	1.216E-17	82
NODE_1_length_42712_cov_5.767726	UniRef50_E9D567	0.276	146	21	0	0	30	0	146	2.796E-10	61
NODE_1_length_42712_cov_5.767726	UniRef50_E9D562	0.957	55	2	0	0	55	0	55	4.729E-28	113
NODE_1_length_42712_cov_5.767726	UniRef50_A0A179TVL5	0.373	181	36	0	0	58	0	181	5.996E-29	116
NODE_1_length_42712_cov_5.767726	UniRef50_E9D560	0.674	123	26	0	0	80	0	123	1.750E-46	168
NODE_1_length_42712_cov_5.767726	UniRef50_C4JPH6	0.975	75	2	0	0	75	0	75	9.610E-43	156
NODE_1_length_42712_cov_5.767726	UniRef50_A0A0D8JUI4	0.962	17	1	0	0	17	0	17	2.658E-02	37
NODE_1_length_42712_cov_5.767726	UniRef50_E9D567	0.484	252	54	0	0	106	0	252	3.002E-66	226
NODE_1_length_42712_cov_5.767726	UniRef50_A0A179UP27	0.351	313	59	0	0	92	0	313	6.767E-51	181
NODE_1_length_42712_cov_5.767726	UniRef50_A0A0E1RWW2	0.780	91	16	0	0	72	0	91	1.200E-39	147
NODE_1_length_42712_cov_5.767726	UniRef50_A0A0E1S179	0.900	93	9	0	0	89	0	93	1.380E-49	177
NODE_1_length_42712_cov_5.767726	UniRef50_E9D567	0.365	364	70	0	0	111	0	364	6.589E-65	222
NODE_1_length_42712_cov_5.767726	UniRef50_C4JYV2	0.242	639	73	0	0	97	0	639	2.216E-57	200
NODE_1_length_42712_cov_5.767726	UniRef50_E9D560	0.370	321	57	0	0	91	0	321	1.201E-57	200
NODE_1_length_42712_cov_5.767726	UniRef50_C4JPH6	0.434	291	58	0	0	104	0	291	2.721E-66	226
NODE_1_length_42712_cov_5.767726	UniRef50_E9D560	0.202	362	30	0	0	39	0	362	4.109E-17	81
NODE_1_length_42712_cov_5.767726	UniRef50_F2PW93	0.355	343	66	0	0	103	0	343	8.398E-58	201
NODE_1_length_42712_cov_5.767726	UniRef50_A0A0E1S179	0.613	233	54	0	0	140	0	233	1.337E-84	281
NODE_1_length_42712_cov_5.767726	UniRef50_J3K5D6	0.944	225	13	0	0	225	0	225	8.335E-141	448
NODE_1_length_42712_cov_5.767726	UniRef50_A0A179U0N3	0.368	158	28	0	0	46	0	158	1.429E-23	100
NODE_1_length_42712_cov_5.767726	UniRef50_J3K5D6	0.181	239	16	0	0	20	0	239	2.664E-04	43
NODE_1_length_42712_cov_5.767726	UniRef50_J3K5D1	0.790	232	40	0	0	193	0	232	6.059E-117	377
NODE_1_length_42712_cov_5.767726	UniRef50_E9D566	0.287	281	41	0	0	58	0	281	1.336E-30	121
NODE_1_length_42712_cov_5.767726	UniRef50_A0A0D8JV25	0.974	63	2	0	0	63	0	63	2.417E-34	132
NODE_1_length_42712_cov_5.767726	UniRef50_J3K5C8	0.225	151	16	0	0	21	0	151	7.897E-05	44
NODE_1_length_42712_cov_5.767726	UniRef50_E9D557	0.689	130	26	0	0	85	0	130	3.488E-51	181
NODE_1_length_42712_cov_5.767726	UniRef50_E9D565	0.455	352	72	0	0	133	0	352	4.873E-88	290
NODE_1_length_42712_cov_5.767726	UniRef50_E9D565	0.346	477	80	0	0	124	0	477	1.099E-80	269
NODE_1_length_42712_cov_5.767726	UniRef50_E9D564	0.801	47	9	0	0	45	0	47	1.070E-16	80
NODE_1_length_42712_cov_5.767726	UniRef50_E9D564	0.514	106	28	0	0	58	0	106	4.310E-25	105
NODE_1_length_42712_cov_5.767726	UniRef50_E9D561	0.946	35	2	0	0	35	0	35	3.610E-14	72
NODE_1_length_42712_cov_5.767726	UniRef50_E9D561	0.620	91	21	0	0	57	0	91	5.242E-28	113
NODE_1_length_42712_cov_5.767726	UniRef50_J3K5C8	0.978	24	1	0	0	24	0	24	2.198E-07	52
NODE_1_length_42712_cov_5.767726	UniRef50_A0A0D8JU18	0.920	32	2	0	0	32	0	32	1.779E-11	64
NODE_1_length_42712_cov_5.767726	UniRef50_A0A0D8JU18	0.663	112	24	0	0	73	0	112	1.889E-40	150
NODE_1_length_42712_cov_5.767726	UniRef50_A0A0J6FKV5	0.401	174	32	0	0	54	0	174	1.622E-31	123
NODE_1_length_42712_cov_5.767726	UniRef50_J3K5D3	0.926	149	11	0	0	149	0	149	5.608E-88	291
NODE_1_length_42712_cov_5.767726	UniRef50_E9D555	0.662	91	19	0	0	56	0	91	3.391E-31	122
NODE_1_length_42712_cov_5.767726	UniRef50_E9D555	0.525	210	44	0	0	94	0	210	9.681E-61	209
NODE_1_length_42712_cov_5.767726	UniRef50_UPI0015D834D4	0.304	69	10	0	0	15	0	69	8.365E-02	35
NODE_1_length_42712_cov_5.767726	UniRef50_A0A6A6DMT1	0.981	35	1	0	0	35	0	35	3.895E-15	75
NODE_1_length_42712_cov_5.767726	UniRef50_A0A0D8JWX6	0.700	40	8	0	0	29	0	40	9.449E-10	59
NODE_1_length_42712_cov_5.767726	UniRef50_A0A0D8JWX6	0.377	128	27	0	0	45	0	128	3.242E-18	84
NODE_1_length_42712_cov_5.767726	UniRef50_A0A0D8JWX6	0.328	169	27	0	0	41	0	169	1.625E-20	91
NODE_1_length_42712_cov_5.767726	UniRef50_A0A0D8JUI4	0.577	41	9	0	0	23	0	41	2.659E-06	49
NODE_1_length_42712_cov_5.767726	UniRef50_A0A0D8JUI4	0.504	91	18	0	0	38	0	91	9.298E-20	88
NODE_1_length_42712_cov_5.767726	UniRef50_A0A0D8JUI4	0.505	200	49	0	0	100	0	200	6.953E-54	190
NODE_1_length_42712_cov_5.767726	UniRef50_E9D519	0.744	231	44	0	0	172	0	231	6.353E-108	350
NODE_1_length_42712_cov_5.767726	UniRef50_E9D519	0.236	329	34	0	0	45	0	329	7.186E-24	100
NODE_1_length_42712_cov_5.767726	UniRef50_A0A0E1S179	0.740	111	21	0	0	82	0	111	7.484E-47	169
NODE_1_length_42712_cov_5.767726	UniRef50_C4JPH6	0.317	266	43	0	0	64	0	266	7.163E-35	133
NODE_1_length_42712_cov_5.767726	UniRef50_A0A0E1S179	0.362	147	27	0	0	43	0	147	1.316E-20	91
NODE_1_length_42712_cov_5.767726	UniRef50_J3K5D2	0.816	203	29	0	0	160	0	203	1.047E-105	343
NODE_1_length_42712_cov_5.767726	UniRef50_J3K5D2	0.381	221	39	0	0	64	0	221	7.344E-39	145
NODE_1_length_42712_cov_5.767726	UniRef50_A0A1L9WH08	0.169	758	42	0	0	51	0	758	4.123E-25	104
NODE_1_length_42712_cov_5.767726	UniRef50_E9D504	1.000	68	0	0	0	68	0	68	1.346E-39	147
NODE_1_length_42712_cov_5.767726	UniRef50_E9D503	0.520	56	13	0	0	29	0	56	2.458E-09	58
NODE_1_length_42712_cov_5.767726	UniRef50_E9D558	0.740	102	21	0	0	81	0	102	3.351E-42	155
NODE_1_length_42712_cov_5.767726	UniRef50_E9D558	0.374	136	26	0	0	42	0	136	1.153E-19	88
NODE_1_length_42712_cov_5.767726	UniRef50_E9D559	0.785	56	10	0	0	46	0	56	4.332E-21	93
NODE_2_length_21102_cov_5.608751	UniRef50_E9D536	0.302	235	38	0	0	55	0	235	8.209E-27	109
NODE_2_length_21102_cov_5.608751	UniRef50_A0A478ECG1	0.482	206	47	0	0	91	0	206	3.740E-52	184
NODE_2_length_21102_cov_5.608751	UniRef50_E9D572	0.276	310	42	0	0	59	0	310	8.113E-32	124
NODE_2_length_21102_cov_5.608751	UniRef50_E9D543	1.000	43	0	0	0	43	0	43	1.545E-22	96
NODE_2_length_21102_cov_5.608751	UniRef50_E9D537	0.160	458	21	0	0	26	0	458	1.927E-08	55
NODE_2_length_21102_cov_5.608751	UniRef50_E9D543	0.349	213	40	0	0	63	0	213	1.876E-31	123
NODE_2_length_21102_cov_5.608751	UniRef50_E9D572	0.319	405	63	0	0	94	0	405	2.090E-58	203
NODE_2_length_21102_cov_5.608751	UniRef50_A0A225ABY5	0.133	1391	28	0	0	33	0	1391	5.668E-13	68
NODE_2_length_21102_cov_5.608751	UniRef50_E9D543	0.302	309	43	0	0	62	0	309	3.230E-38	143
NODE_2_length_21102_cov_5.608751	UniRef50_E9D543	0.216	395	36	0	0	47	0	395	5.814E-24	101
NODE_2_length_21102_cov_5.608751	UniRef50_E9D537	0.280	578	86	0	0	120	0	578	1.070E-68	234
NODE_2_length_21102_cov_5.608751	UniRef50_E9D543	0.180	431	29	0	0	36	0	431	2.775E-14	72
NODE_2_length_21102_cov_5.608751	UniRef50_E9D572	0.174	437	25	0	0	31	0	437	1.317E-12	67
NODE_2_length_21102_cov_5.608751	UniRef50_J3K551	0.567	84	19	0	0	44	0	84	1.094E-21	94
NODE_2_length_21102_cov_5.608751	UniRef50_E9D541	0.365	128	25	0	0	40	0	128	4.337E-17	81
NODE_2_length_21102_cov_5.608751	UniRef50_E9D541	0.494	241	55	0	0	109	0	241	5.976E-65	222
NODE_2_length_21102_cov_5.608751	UniRef50_E9D572	0.276	536	70	0	0	98	0	536	1.770E-61	212
NODE_2_length_21102_cov_5.608751	UniRef50_J3K551	0.410	199	41	0	0	70	0	199	1.367E-38	144
NODE_2_length_21102_cov_5.608751	UniRef50_E9D541	0.222	284	26	0	0	35	0	284	3.060E-16	78
NODE_2_length_21102_cov_5.608751	UniRef50_E9D572	0.165	583	27	0	0	33	0	583	1.344E-15	76
NODE_2_length_21102_cov_5.608751	UniRef50_E9D544	0.917	34	2	0	0	30	0	34	9.060E-13	68
NODE_2_length_21102_cov_5.608751	UniRef50_E9D541	0.202	358	31	0	0	40	0	358	1.126E-16	79
NODE_2_length_21102_cov_5.608751	UniRef50_E9D572	0.203	651	53	0	0	67	0	651	4.167E-38	143
NODE_2_length_21102_cov_5.608751	UniRef50_E9D544	0.673	114	24	0	0	75	0	114	2.484E-42	155
NODE_2_length_21102_cov_5.608751	UniRef50_E9D572	0.221	768	69	0	0	90	0	768	6.070E-58	201
NODE_2_length_21102_cov_5.608751	UniRef50_E9D544	0.401	239	47	0	0	79	0	239	1.665E-46	168
NODE_2_length_21102_cov_5.608751	UniRef50_E9D541	0.284	471	72	0	0	101	0	471	8.732E-56	196
NODE_2_length_21102_cov_5.608751	UniRef50_E9D572	0.228	890	90	0	0	117	0	890	5.160E-73	246
NODE_2_length_21102_cov_5.608751	UniRef50_E9D572	0.145	923	27	0	0	32	0	923	1.619E-14	73
NODE_2_length_21102_cov_5.608751	UniRef50_A0A0J6Y9F1	0.588	61	11	0	0	28	0	61	1.780E-14	72
NODE_2_length_21102_cov_5.608751	UniRef50_E9D544	0.461	400	86	0	0	160	0	400	5.774E-103	335
NODE_2_length_21102_cov_5.608751	UniRef50_E9D544	0.262	482	59	0	0	81	0	482	8.488E-49	174
NODE_2_length_21102_cov_5.608751	UniRef50_E9D544	0.176	523	32	0	0	40	0	523	1.671E-17	82
NODE_2_length_21102_cov_5.608751	UniRef50_E9D541	0.248	577	78	0	0	105	0	577	1.217E-53	190
NODE_2_length_21102_cov_5.608751	UniRef50_E9D539	0.757	63	11	0	0	47	0	63	1.506E-23	100
NODE_2_length_21102_cov_5.608751	UniRef50_J3K5E5	1.000	18	0	0	0	18	0	18	1.161E-03	41
NODE_2_length_21102_cov_5.608751	UniRef50_J3K5E5	0.822	133	20	0	0	116	0	133	1.382E-66	228
NODE_2_length_21102_cov_5.608751	UniRef50_E9D537	0.853	184	24	0	0	161	0	184	3.340E-100	327
NODE_2_length_21102_cov_5.608751	UniRef50_E9D537	0.257	225	26	0	0	36	0	225	2.541E-17	81
NODE_2_length_21102_cov_5.608751	UniRef50_E9D537	0.271	328	42	0	0	58	0	328	6.107E-33	127
NODE_2_length_21102_cov_5.608751	UniRef50_E9D537	0.330	433	69	0	0	104	0	433	1.054E-66	227
NODE_2_length_21102_cov_5.608751	UniRef50_C5P3M7	0.263	1370	173	0	0	236	0	1370	1.656E-155	491
NODE_2_length_21102_cov_5.608751	UniRef50_E9D540	0.933	103	7	0	0	103	0	103	1.260E-58	204
NODE_2_length_21102_cov_5.608751	UniRef50_E9D540	0.297	139	20	0	0	30	0	139	8.411E-12	65
NODE_2_length_21102_cov_5.608751	UniRef50_E9D542	0.368	70	11	0	0	19	0	70	1.416E-05	46
NODE_2_length_21102_cov_5.608751	UniRef50_J3K5E3	0.883	105	12	0	0	105	0	105	1.456E-55	195
NODE_2_length_21102_cov_5.608751	UniRef50_E9D542	0.276	204	28	0	0	39	0	204	6.103E-18	83
NODE_2_length_21102_cov_5.608751	UniRef50_J3K5E3	0.257	128	16	0	0	23	0	128	5.035E-06	48
NODE_2_length_21102_cov_5.608751	UniRef50_J3K5E3	0.315	166	27	0	0	40	0	166	3.412E-18	84
NODE_2_length_21102_cov_5.608751	UniRef50_E9D572	0.808	190	29	0	0	152	0	190	4.226E-97	317
NODE_2_length_21102_cov_5.608751	UniRef50_A0A0E1RW04	0.372	173	33	0	0	54	0	173	4.134E-27	110
NODE_3_length_20900_cov_5.716707	UniRef50_E9DJW4	0.165	505	28	0	0	35	0	505	3.110E-12	66
NODE_3_length_20900_cov_5.716707	UniRef50_E9D519	0.718	52	10	0	0	38	0	52	3.604E-16	78
NODE_3_length_20900_cov_5.716707	UniRef50_J3K5H1	0.909	167	13	0	0	147	0	167	9.392E-98	319
NODE_3_length_20900_cov_5.716707	UniRef50_E9DJW3	0.975	70	2	0	0	66	0	70	2.291E-39	146
NODE_3_length_20900_cov_5.716707	UniRef50_A0A0E1RWW6	0.554	51	11	0	0	25	0	51	3.694E-09	57
NODE_3_length_20900_cov_5.716707	UniRef50_A0A0E1RWW6	0.458	86	18	0	0	35	0	86	5.354E-15	74
NODE_3_length_20900_cov_5.716707	UniRef50_J3K5G8	0.771	129	23	0	0	103	0	129	4.882E-59	205
NODE_3_length_20900_cov_5.716707	UniRef50_J3K5H0	0.354	123	23	0	0	36	0	123	5.655E-15	74
NODE_3_length_20900_cov_5.716707	UniRef50_E9D509	0.718	181	36	0	0	127	0	181	5.631E-79	264
NODE_3_length_20900_cov_5.716707	UniRef50_E9DJX3	0.390	132	26	0	0	43	0	132	1.316E-20	91
NODE_3_length_20900_cov_5.716707	UniRef50_E9DJW4	0.181	849	56	0	0	69	0	849	4.232E-37	140
NODE_3_length_20900_cov_5.716707	UniRef50_E9DJX3	0.212	166	15	0	0	20	0	166	1.936E-04	43
NODE_3_length_20900_cov_5.716707	UniRef50_E9D509	0.247	322	36	0	0	49	0	322	7.601E-26	106
NODE_3_length_20900_cov_5.716707	UniRef50_E9DJW4	0.173	968	55	0	0	68	0	968	1.556E-37	141
NODE_3_length_20900_cov_5.716707	UniRef50_J3K5H1	0.326	220	38	0	0	57	0	220	7.821E-29	115
NODE_3_length_20900_cov_5.716707	UniRef50_J3K5H1	0.246	269	37	0	0	50	0	269	6.781E-20	89
NODE_3_length_20900_cov_5.716707	UniRef50_E9D511	0.809	72	9	0	0	50	0	72	2.483E-31	122
NODE_3_length_20900_cov_5.716707	UniRef50_J3K5G9	0.972	170	5	0	0	163	0	170	3.009E-108	350
NODE_3_length_20900_cov_5.716707	UniRef50_E9D511	0.179	408	27	0	0	34	0	408	8.236E-13	68
NODE_3_length_20900_cov_5.716707	UniRef50_A0A0E1RWG9	0.390	139	26	0	0	43	0	139	4.004E-22	95
NODE_3_length_20900_cov_5.716707	UniRef50_E9DJW4	0.485	75	17	0	0	34	0	75	1.677E-13	70
NODE_3_length_20900_cov_5.716707	UniRef50_A0A0D8JWX3	0.748	124	24	0	0	98	0	124	4.596E-54	190
NODE_3_length_20900_cov_5.716707	UniRef50_A0A0D8JWX3	0.388	193	41	0	0	68	0	193	1.106E-33	130
NODE_3_length_20900_cov_5.716707	UniRef50_J3K5H3	0.928	26	2	0	0	26	0	26	9.493E-08	53
NODE_3_length_20900_cov_5.716707	UniRef50_J3K5H3	0.817	117	16	0	0	91	0	117	3.100E-57	199
NODE_3_length_20900_cov_5.716707	UniRef50_J3K5H2	0.957	85	4	0	0	85	0	85	1.950E-48	173
NODE_3_length_20900_cov_5.716707	UniRef50_J3K5H2	0.493	148	32	0	0	65	0	148	2.311E-36	138
NODE_3_length_20900_cov_5.716707	UniRef50_E9D514	0.315	219	34	0	0	50	0	219	8.695E-27	109
NODE_3_length_20900_cov_5.716707	UniRef50_E9D514	0.338	294	52	0	0	79	0	294	2.632E-44	161
NODE_3_length_20900_cov_5.716707	UniRef50_J3K5H1	1.000	20	0	0	0	20	0	20	1.505E-05	46
NODE_3_length_20900_cov_5.716707	UniRef50_E9D509	0.214	369	32	0	0	42	0	369	2.551E-21	93
NODE_3_length_20900_cov_5.716707	UniRef50_E9D508	0.811	44	6	0	0	33	0	44	1.344E-15	76
NODE_3_length_20900_cov_5.716707	UniRef50_E9D508	0.467	141	29	0	0	56	0	141	2.470E-31	123
NODE_3_length_20900_cov_5.716707	UniRef50_E9D508	0.379	206	40	0	0	66	0	206	3.065E-35	134
NODE_3_length_20900_cov_5.716707	UniRef50_A0A0D8JU09	0.948	103	5	0	0	103	0	103	7.327E-60	207
NODE_3_length_20900_cov_5.716707	UniRef50_E9DJW4	0.492	141	33	0	0	66	0	141	5.305E-34	131
NODE_3_length_20900_cov_5.716707	UniRef50_E9DJW4	0.264	285	31	0	0	43	0	285	5.539E-26	106
NODE_3_length_20900_cov_5.716707	UniRef50_E9D507	0.667	227	46	0	0	140	0	227	3.840E-92	302
NODE_3_length_20900_cov_5.716707	UniRef50_E9D507	0.242	270	30	0	0	41	0	270	3.894E-19	87
NODE_3_length_20900_cov_5.716707	UniRef50_A0A0D8JU09	0.374	146	26	0	0	43	0	146	7.555E-22	94
NODE_3_length_20900_cov_5.716707	UniRef50_A0A1B7NN37	0.880	60	6	0	0	54	0	60	8.467E-28	112
NODE_3_length_20900_cov_5.716707	UniRef50_A0A0G2I503	0.820	69	9	0	0	53	0	69	3.667E-30	119
NODE_3_length_20900_cov_5.716707	UniRef50_E9D518	0.638	96	20	0	0	57	0	96	1.380E-31	123
NODE_3_length_20900_cov_5.716707	UniRef50_E9D518	0.366	138	24	0	0	39	0	138	2.545E-19	87
NODE_3_length_20900_cov_5.716707	UniRef50_E9D518	0.370	258	49	0	0	79	0	258	1.918E-44	162
NODE_3_length_20900_cov_5.716707	UniRef50_A0A0D8JUI4	0.504	99	20	0	0	42	0	99	2.763E-22	96
NODE_3_length_20900_cov_5.716707	UniRef50_A0A0D8JUI4	0.450	164	39	0	0	72	0	164	2.201E-35	135
NODE_3_length_20900_cov_5.716707	UniRef50_A0A0D8JUI4	0.269	202	28	0	0	39	0	202	1.466E-16	79
NODE_3_length_20900_cov_5.716707	UniRef50_A0A0D8JWX3	0.914	25	2	0	0	25	0	25	8.354E-07	50
NODE_4_length_18045_cov_5.000835	UniRef50_A1C8C3	1.000	93	0	0	0	93	0	93	4.093E-59	205
NODE_4_length_18045_cov_5.000835	UniRef50_A0A0L0NHD9	0.537	188	44	0	0	95	0	188	4.336E-55	193
NODE_4_length_18045_cov_5.000835	UniRef50_A0A0L0NHD9	0.599	440	100	0	0	251	0	440	7.223E-163	513
NODE_4_length_18045_cov_5.000835	UniRef50_A0A1V1FNM9	0.863	104	13	0	0	93	0	104	1.747E-53	188
NODE_4_length_18045_cov_5.000835	UniRef50_A0A0L0NHD9	0.205	492	41	0	0	53	0	492	1.516E-27	111
NODE_4_length_18045_cov_5.000835	UniRef50_A0A2N6NAY2	0.818	212	30	0	0	165	0	212	3.198E-111	359
NODE_4_length_18045_cov_5.000835	UniRef50_A1C8C3	0.348	630	111	0	0	172	0	630	2.973E-110	357
NODE_4_length_18045_cov_5.000835	UniRef50_A0A0J6YLW8	0.888	75	8	0	0	75	0	75	2.212E-37	141
NODE_4_length_18045_cov_5.000835	UniRef50_E9D229	0.942	53	3	0	0	51	0	53	4.474E-26	107
NODE_4_length_18045_cov_5.000835	UniRef50_A0A1V1FNM9	0.363	414	80	0	0	126	0	414	3.393E-74	250
NODE_4_length_18045_cov_5.000835	UniRef50_A0A1V1FNM9	0.264	492	59	0	0	81	0	492	5.377E-51	181
NODE_4_length_18045_cov_5.000835	UniRef50_A0A1V1FNM9	0.202	547	43	0	0	55	0	547	2.157E-30	120
NODE_4_length_18045_cov_5.000835	UniRef50_E9D223	0.648	172	40	0	0	114	0	172	7.624E-65	222
NODE_4_length_18045_cov_5.000835	UniRef50_J3K1K9	0.519	193	44	0	0	93	0	193	4.931E-54	190
NODE_4_length_18045_cov_5.000835	UniRef50_A0A0J6FMV6	1.000	40	0	0	0	40	0	40	8.161E-21	91
NODE_4_length_18045_cov_5.000835	UniRef50_A0A0J6FMV6	0.877	447	50	0	0	408	0	447	1.191E-264	816
NODE_4_length_18045_cov_5.000835	UniRef50_A0A2I2FWM9	0.349	171	29	0	0	46	0	171	1.041E-23	100
NODE_4_length_18045_cov_5.000835	UniRef50_A0A364NH16	0.824	1517	224	0	0	1272	0	1517	0.000E+00	2573
NODE_4_length_18045_cov_5.000835	UniRef50_A0A397GKL4	0.567	82	19	0	0	45	0	82	5.645E-21	92
NODE_4_length_18045_cov_5.000835	UniRef50_A1C8C5	0.794	318	53	0	0	256	0	318	1.107E-164	518
NODE_4_length_18045_cov_5.000835	UniRef50_M2URK9	0.187	337	22	0	0	28	0	337	2.684E-11	63
NODE_4_length_18045_cov_5.000835	UniRef50_E9D228	0.607	262	58	0	0	149	0	262	5.711E-95	311
NODE_4_length_18045_cov_5.000835	UniRef50_A0A0D8JVG4	0.851	43	6	0	0	43	0	43	3.431E-16	78
NODE_4_length_18045_cov_5.000835	UniRef50_A0A1Y1NI02	0.923	119	9	0	0	119	0	119	3.606E-68	232
NODE_5_length_14471_cov_5.416562	UniRef50_J3K5E7	0.627	330	74	0	0	200	0	330	4.486E-127	407
NODE_5_length_14471_cov_5.416562	UniRef50_B2WPL7	0.256	393	71	0	0	96	0	393	7.777E-36	138
NODE_5_length_14471_cov_5.416562	UniRef50_J3K5E7	0.578	701	157	0	0	373	0	701	1.233E-252	779
NODE_5_length_14471_cov_5.416562	UniRef50_A0A0J6Y5E9	0.458	143	31	0	0	58	0	143	9.729E-31	121
NODE_5_length_14471_cov_5.416562	UniRef50_A0A0J8RZP2	0.950	41	2	0	0	38	0	41	2.229E-18	84
NODE_5_length_14471_cov_5.416562	UniRef50_A0A1V6X2P3	0.236	1413	165	0	0	217	0	1413	2.008E-130	417
NODE_5_length_14471_cov_5.416562	UniRef50_A6RD94	0.218	1110	109	0	0	140	0	1110	9.749E-85	281
NODE_5_length_14471_cov_5.416562	UniRef50_A0A1Q5URY9	0.566	513	138	0	0	319	0	513	1.510E-176	556
NODE_5_length_14471_cov_5.416562	UniRef50_A6RD94	0.173	1551	90	0	0	110	0	1551	1.293E-65	224
NODE_5_length_14471_cov_5.416562	UniRef50_J3K5E9	0.942	20	1	0	0	20	0	20	5.047E-04	42
NODE_5_length_14471_cov_5.416562	UniRef50_J3K5E9	0.680	147	34	0	0	106	0	147	9.721E-58	201
NODE_5_length_14471_cov_5.416562	UniRef50_E9D529	0.328	174	28	0	0	42	0	174	2.551E-21	93
NODE_5_length_14471_cov_5.416562	UniRef50_E9D530	0.999	82	0	0	0	82	0	82	3.454E-49	175
NODE_5_length_14471_cov_5.416562	UniRef50_E9D530	0.327	105	16	0	0	25	0	105	2.686E-09	57
NODE_5_length_14471_cov_5.416562	UniRef50_E9D531	0.571	97	22	0	0	52	0	97	9.650E-27	109
NODE_5_length_14471_cov_5.416562	UniRef50_E9D532	0.662	116	24	0	0	72	0	116	2.931E-42	155
NODE_5_length_14471_cov_5.416562	UniRef50_A0A150VHE4	0.446	125	25	0	0	47	0	125	1.190E-24	103
NODE_5_length_14471_cov_5.416562	UniRef50_E9D536	1.000	38	0	0	0	38	0	38	8.593E-19	85
NODE_5_length_14471_cov_5.416562	UniRef50_J3K5E7	1.000	22	0	0	0	22	0	22	6.991E-07	50
NODE_5_length_14471_cov_5.416562	UniRef50_J3K5E7	0.641	130	32	0	0	91	0	130	5.681E-46	167
NODE_6_length_12916_cov_5.345276	UniRef50_C4K096	0.306	467	82	0	0	119	0	467	2.288E-63	218
NODE_6_length_12916_cov_5.345276	UniRef50_J3K5F4	0.544	340	73	0	0	161	0	340	4.114E-109	353
NODE_6_length_12916_cov_5.345276	UniRef50_A0A0D8JUI0	0.806	163	27	0	0	139	0	163	1.816E-81	272
NODE_6_length_12916_cov_5.345276	UniRef50_A0A0D8JUI0	0.461	270	57	0	0	107	0	270	1.222E-66	227
NODE_6_length_12916_cov_5.345276	UniRef50_E9D526	0.989	64	1	0	0	64	0	64	7.799E-36	136
NODE_6_length_12916_cov_5.345276	UniRef50_E9D526	0.450	103	20	0	0	38	0	103	4.552E-19	86
NODE_6_length_12916_cov_5.345276	UniRef50_C4K097	0.568	135	30	0	0	71	0	135	1.708E-40	150
NODE_6_length_12916_cov_5.345276	UniRef50_J3K5F0	0.979	102	2	0	0	102	0	102	8.351E-62	213
NODE_6_length_12916_cov_5.345276	UniRef50_J3K5F0	0.395	151	29	0	0	49	0	151	1.969E-25	105
NODE_6_length_12916_cov_5.345276	UniRef50_J3K5F1	1.000	30	0	0	0	30	0	30	2.954E-15	75
NODE_6_length_12916_cov_5.345276	UniRef50_J3K5F1	0.808	153	23	0	0	122	0	153	2.447E-76	256
NODE_6_length_12916_cov_5.345276	UniRef50_J3K5F1	0.439	231	50	0	0	91	0	231	1.325E-51	183
NODE_6_length_12916_cov_5.345276	UniRef50_J3K5F5	0.935	55	4	0	0	55	0	55	4.353E-27	110
NODE_6_length_12916_cov_5.345276	UniRef50_J3K5F5	0.719	174	33	0	0	120	0	174	1.077E-75	254
NODE_6_length_12916_cov_5.345276	UniRef50_A0A0E1RVB7	0.945	53	3	0	0	53	0	53	3.615E-26	108
NODE_6_length_12916_cov_5.345276	UniRef50_A0A0E1RVB7	0.788	222	36	0	0	172	0	222	2.382E-111	360
NODE_6_length_12916_cov_5.345276	UniRef50_C4JNS5	0.205	600	53	0	0	68	0	600	1.311E-35	136
NODE_6_length_12916_cov_5.345276	UniRef50_A0A1J9NYG4	0.409	198	41	0	0	70	0	198	3.534E-38	143
NODE_6_length_12916_cov_5.345276	UniRef50_A0A1J9NYG4	0.392	281	52	0	0	87	0	281	2.670E-54	190
NODE_6_length_12916_cov_5.345276	UniRef50_A0A1J9NYG4	0.241	322	36	0	0	48	0	322	3.248E-24	102
NODE_6_length_12916_cov_5.345276	UniRef50_J3K5F4	0.819	180	26	0	0	144	0	180	3.727E-93	306
NODE_6_length_12916_cov_5.345276	UniRef50_A0A1J9NYG4	0.299	505	76	0	0	110	0	505	1.032E-66	228
NODE_6_length_12916_cov_5.345276	UniRef50_E9D6S7	0.491	235	51	0	0	101	0	235	1.637E-62	215
NODE_6_length_12916_cov_5.345276	UniRef50_A0A0D8JUI0	1.000	24	0	0	0	24	0	24	4.462E-08	54
NODE_6_length_12916_cov_5.345276	UniRef50_C4K096	0.951	347	16	0	0	337	0	347	3.221E-224	695
NODE_7_length_12328_cov_5.910130	UniRef50_E9D544	0.408	127	26	0	0	45	0	127	2.991E-21	93
NODE_7_length_12328_cov_5.910130	UniRef50_E9D572	0.240	295	33	0	0	44	0	295	2.065E-21	93
NODE_7_length_12328_cov_5.910130	UniRef50_E9D546	0.340	591	104	0	0	159	0	591	7.126E-99	323
NODE_7_length_12328_cov_5.910130	UniRef50_E9D544	0.480	239	52	0	0	101	0	239	1.091E-61	213
NODE_7_length_12328_cov_5.910130	UniRef50_E9D544	0.361	400	72	0	0	113	0	400	6.655E-71	240
NODE_7_length_12328_cov_5.910130	UniRef50_E9D544	0.239	479	52	0	0	69	0	479	1.032E-39	147
NODE_7_length_12328_cov_5.910130	UniRef50_E9D544	0.176	523	32	0	0	40	0	523	1.671E-17	82
NODE_7_length_12328_cov_5.910130	UniRef50_E9D529	0.420	205	42	0	0	73	0	205	7.968E-42	154
NODE_7_length_12328_cov_5.910130	UniRef50_E9D530	1.000	58	0	0	0	58	0	58	8.384E-33	127
NODE_7_length_12328_cov_5.910130	UniRef50_E9D531	0.560	93	21	0	0	48	0	93	1.722E-24	102
NODE_7_length_12328_cov_5.910130	UniRef50_E9D572	0.230	405	39	0	0	51	0	405	3.040E-29	116
NODE_7_length_12328_cov_5.910130	UniRef50_E9D572	0.328	538	88	0	0	132	0	538	4.405E-84	279
NODE_7_length_12328_cov_5.910130	UniRef50_E9D572	0.252	651	75	0	0	101	0	651	6.939E-64	219
NODE_7_length_12328_cov_5.910130	UniRef50_E9D572	0.198	768	57	0	0	72	0	768	2.330E-43	158
NODE_7_length_12328_cov_5.910130	UniRef50_E9D572	0.189	919	64	0	0	80	0	919	2.622E-47	170
NODE_7_length_12328_cov_5.910130	UniRef50_A0A0E1RW04	0.252	330	38	0	0	52	0	330	4.048E-28	113
NODE_7_length_12328_cov_5.910130	UniRef50_E9D546	0.914	113	10	0	0	113	0	113	2.348E-63	218
NODE_7_length_12328_cov_5.910130	UniRef50_E9D546	0.376	310	58	0	0	94	0	310	1.274E-56	198
NODE_7_length_12328_cov_5.910130	UniRef50_J3K5E1	0.977	72	2	0	0	72	0	72	9.536E-41	151
NODE_7_length_12328_cov_5.910130	UniRef50_E9D572	0.713	146	29	0	0	102	0	146	2.156E-61	212
NODE_7_length_12328_cov_5.910130	UniRef50_E9D572	0.302	190	29	0	0	42	0	190	4.445E-20	89
NODE_7_length_12328_cov_5.910130	UniRef50_N1S4J7	0.623	95	21	0	0	56	0	95	5.880E-30	119
NODE_7_length_12328_cov_5.910130	UniRef50_J3K551	1.000	36	0	0	0	36	0	36	1.849E-17	81
NODE_7_length_12328_cov_5.910130	UniRef50_J3K551	0.425	197	40	0	0	70	0	197	1.183E-40	150
NODE_7_length_12328_cov_5.910130	UniRef50_J3K551	0.240	243	24	0	0	33	0	243	3.768E-16	78
NODE_7_length_12328_cov_5.910130	UniRef50_J3K551	0.241	298	31	0	0	42	0	298	7.163E-22	94
NODE_8_length_9558_cov_5.887776	UniRef50_J3K5C8	0.225	151	16	0	0	21	0	151	7.897E-05	44
NODE_8_length_9558_cov_5.887776	UniRef50_E9D557	0.503	92	20	0	0	41	0	92	5.789E-20	89
NODE_8_length_9558_cov_5.887776	UniRef50_J3K5D3	0.920	149	12	0	0	148	0	149	2.591E-87	289
NODE_8_length_9558_cov_5.887776	UniRef50_E9D555	0.610	62	14	0	0	37	0	62	8.860E-16	77
NODE_8_length_9558_cov_5.887776	UniRef50_A0A179UKV3	0.306	133	21	0	0	31	0	133	8.898E-12	65
NODE_8_length_9558_cov_5.887776	UniRef50_A0A0D8JU20	0.903	107	10	0	0	102	0	107	1.200E-58	204
NODE_8_length_9558_cov_5.887776	UniRef50_E9D504	0.983	41	1	0	0	38	0	41	1.755E-19	87
NODE_8_length_9558_cov_5.887776	UniRef50_A0A0D8JU13	0.310	151	23	0	0	34	0	151	3.687E-15	75
NODE_8_length_9558_cov_5.887776	UniRef50_E9D558	0.642	54	11	0	0	33	0	54	6.109E-14	71
NODE_8_length_9558_cov_5.887776	UniRef50_E9D558	0.374	136	26	0	0	42	0	136	1.153E-19	88
NODE_8_length_9558_cov_5.887776	UniRef50_J3K5C8	1.000	32	0	0	0	32	0	32	7.945E-14	71
NODE_8_length_9558_cov_5.887776	UniRef50_J3K5C8	0.570	67	13	0	0	31	0	67	8.754E-16	76
NODE_8_length_9558_cov_5.887776	UniRef50_J3K5C8	0.514	130	31	0	0	64	0	130	6.045E-33	128
NODE_9_length_8870_cov_4.930854	UniRef50_J3K381	0.948	26	1	0	0	26	0	26	3.646E-08	54
NODE_9_length_8870_cov_4.930854	UniRef50_J3K381	0.804	261	38	0	0	196	0	261	4.611E-136	432
NODE_9_length_8870_cov_4.930854	UniRef50_J3K381	0.250	303	33	0	0	45	0	303	1.071E-24	103
NODE_9_length_8870_cov_4.930854	UniRef50_J3K381	0.324	436	76	0	0	114	0	436	7.624E-65	222
NODE_9_length_8870_cov_4.930854	UniRef50_C5P679	0.651	137	27	0	0	78	0	137	2.250E-50	179
NODE_9_length_8870_cov_4.930854	UniRef50_C5P679	0.389	207	42	0	0	69	0	207	4.232E-37	140
NODE_9_length_8870_cov_4.930854	UniRef50_C5P679	0.273	280	36	0	0	50	0	280	3.358E-27	110
NODE_9_length_8870_cov_4.930854	UniRef50_C5P679	0.825	1519	217	0	0	1239	0	1519	0.000E+00	2579
NODE_9_length_8870_cov_4.930854	UniRef50_A0A0J6F102	0.892	78	8	0	0	73	0	78	1.262E-39	147
NODE_10_length_8670_cov_5.400675	UniRef50_J3K5C8	0.978	24	1	0	0	24	0	24	2.198E-07	52
NODE_10_length_8670_cov_5.400675	UniRef50_A0A0J6YDA4	0.983	37	1	0	0	37	0	37	1.315E-16	79
NODE_10_length_8670_cov_5.400675	UniRef50_J3K5G0	0.985	138	2	0	0	134	0	138	1.319E-87	289
NODE_10_length_8670_cov_5.400675	UniRef50_E9DJX0	1.000	36	0	0	0	36	0	36	2.748E-18	84
NODE_10_length_8670_cov_5.400675	UniRef50_J3K5G1	0.980	179	4	0	0	179	0	179	1.880E-115	372
NODE_10_length_8670_cov_5.400675	UniRef50_J3K5G1	0.538	356	81	0	0	177	0	356	1.289E-112	364
NODE_10_length_8670_cov_5.400675	UniRef50_A0A7R7ZM43	0.944	146	8	0	0	139	0	146	2.528E-88	291
NODE_10_length_8670_cov_5.400675	UniRef50_A0A5N6JAE7	0.736	169	33	0	0	126	0	169	1.977E-75	254
NODE_10_length_8670_cov_5.400675	UniRef50_E9D558	0.910	86	8	0	0	86	0	86	8.360E-46	166
NODE_10_length_8670_cov_5.400675	UniRef50_E9D558	0.374	136	26	0	0	42	0	136	1.153E-19	88
NODE_10_length_8670_cov_5.400675	UniRef50_E9D504	1.000	41	0	0	0	41	0	41	3.321E-21	93
NODE_10_length_8670_cov_5.400675	UniRef50_A0A0D8JU13	0.758	47	9	0	0	38	0	47	3.338E-15	75
NODE_10_length_8670_cov_5.400675	UniRef50_A0A0D8JU13	0.452	88	19	0	0	35	0	88	3.895E-15	75
NODE_10_length_8670_cov_5.400675	UniRef50_E9D503	0.404	158	35	0	0	59	0	158	5.809E-28	113
NODE_10_length_8670_cov_5.400675	UniRef50_J3K5G2	0.934	133	7	0	0	114	0	133	7.698E-79	263
NODE_47_length_478_cov_4.069825	UniRef50_A0A0J8TK82	0.290	377	50	0	0	72	0	377	7.165E-45	162
NODE_47_length_478_cov_4.069825	UniRef50_A0A0J8TK82	0.251	444	52	0	0	70	0	444	1.624E-40	150
NODE_53_length_404_cov_1.712538	UniRef50_F2PLA1	0.545	92	20	0	0	46	0	92	5.087E-23	98
NODE_54_length_378_cov_3.495017	UniRef50_A0A0J8S1F4	0.506	106	24	0	0	49	0	106	1.321E-24	103
NODE_55_length_375_cov_2.593960	UniRef50_A0A0J8R2I5	0.361	434	79	0	0	125	0	434	8.768E-78	260
NODE_58_length_342_cov_5.158491	UniRef50_C5GJG6	0.388	127	24	0	0	41	0	127	2.834E-19	87
NODE_59_length_339_cov_4.931298	UniRef50_A0A0J6FEB9	0.587	109	26	0	0	63	0	109	1.487E-32	126
NODE_61_length_305_cov_3.416667	UniRef50_J3K6D4	0.193	1137	80	0	0	100	0	1137	3.510E-64	220
NODE_63_length_267_cov_0.526316	UniRef50_A0A291LIR6	0.776	60	10	0	0	45	0	60	6.627E-23	98
