NODE_1_length_18050_cov_11.024648	UniRef50_E9D223	0.648	172	40	0	0	114	0	172	7.624E-65	222
NODE_1_length_18050_cov_11.024648	UniRef50_A0A1V1FNM9	0.863	104	13	0	0	93	0	104	1.747E-53	188
NODE_1_length_18050_cov_11.024648	UniRef50_A0A2N6NAY2	0.818	212	30	0	0	165	0	212	3.198E-111	359
NODE_1_length_18050_cov_11.024648	UniRef50_J3K1K9	0.519	193	44	0	0	93	0	193	4.931E-54	190
NODE_1_length_18050_cov_11.024648	UniRef50_A0A1V1FNM9	0.363	414	80	0	0	126	0	414	3.393E-74	250
NODE_1_length_18050_cov_11.024648	UniRef50_A0A1V1FNM9	0.264	492	59	0	0	81	0	492	5.377E-51	181
NODE_1_length_18050_cov_11.024648	UniRef50_A0A1V1FNM9	0.202	547	43	0	0	55	0	547	2.157E-30	120
NODE_1_length_18050_cov_11.024648	UniRef50_E9D229	0.942	53	3	0	0	51	0	53	4.474E-26	107
NODE_1_length_18050_cov_11.024648	UniRef50_A0A1Y1NI02	0.923	119	9	0	0	119	0	119	3.606E-68	232
NODE_1_length_18050_cov_11.024648	UniRef50_A0A2I2FWM9	0.333	171	28	0	0	43	0	171	1.958E-21	93
NODE_1_length_18050_cov_11.024648	UniRef50_A0A364NH16	0.824	1517	224	0	0	1272	0	1517	0.000E+00	2573
NODE_1_length_18050_cov_11.024648	UniRef50_A0A397GKL4	0.567	82	19	0	0	45	0	82	5.645E-21	92
NODE_1_length_18050_cov_11.024648	UniRef50_A1C8C5	0.794	318	53	0	0	256	0	318	1.107E-164	518
NODE_1_length_18050_cov_11.024648	UniRef50_M2URK9	0.187	337	22	0	0	28	0	337	2.684E-11	63
NODE_1_length_18050_cov_11.024648	UniRef50_E9D228	0.607	262	58	0	0	149	0	262	5.711E-95	311
NODE_1_length_18050_cov_11.024648	UniRef50_A0A0D8JVG4	0.851	43	6	0	0	43	0	43	3.431E-16	78
NODE_1_length_18050_cov_11.024648	UniRef50_A0A0J6FMV6	1.000	40	0	0	0	40	0	40	8.161E-21	91
NODE_1_length_18050_cov_11.024648	UniRef50_A0A0J6FMV6	0.877	447	50	0	0	408	0	447	1.191E-264	816
NODE_1_length_18050_cov_11.024648	UniRef50_A1C8C3	1.000	93	0	0	0	93	0	93	4.093E-59	205
NODE_1_length_18050_cov_11.024648	UniRef50_A0A0L0NHD9	0.537	188	44	0	0	95	0	188	4.336E-55	193
NODE_1_length_18050_cov_11.024648	UniRef50_A0A0L0NHD9	0.599	440	100	0	0	251	0	440	7.223E-163	513
NODE_1_length_18050_cov_11.024648	UniRef50_A0A0L0NHD9	0.205	492	41	0	0	53	0	492	1.516E-27	111
NODE_1_length_18050_cov_11.024648	UniRef50_A1C8C3	0.348	630	111	0	0	172	0	630	2.973E-110	357
NODE_1_length_18050_cov_11.024648	UniRef50_A0A0J6YLW8	0.888	75	8	0	0	75	0	75	2.212E-37	141
NODE_2_length_15559_cov_11.670198	UniRef50_A0A0G2I5J9	0.376	193	37	0	0	60	0	193	6.220E-32	124
NODE_2_length_15559_cov_11.670198	UniRef50_E9D507	0.988	269	3	0	0	269	0	269	6.897E-180	563
NODE_2_length_15559_cov_11.670198	UniRef50_A0A0D8JU18	0.631	104	23	0	0	64	0	104	2.543E-34	132
NODE_2_length_15559_cov_11.670198	UniRef50_A0A5N6E5C9	0.607	284	63	0	0	162	0	284	9.567E-104	337
NODE_2_length_15559_cov_11.670198	UniRef50_F2RNT1	0.870	200	23	0	0	178	0	200	1.854E-112	363
NODE_2_length_15559_cov_11.670198	UniRef50_E9D560	0.951	37	2	0	0	37	0	37	1.218E-15	76
NODE_2_length_15559_cov_11.670198	UniRef50_E9D560	0.657	158	34	0	0	99	0	158	4.389E-60	208
NODE_2_length_15559_cov_11.670198	UniRef50_A0A0E1RWW2	0.719	124	24	0	0	86	0	124	1.947E-51	182
NODE_2_length_15559_cov_11.670198	UniRef50_E9D560	0.205	321	26	0	0	34	0	321	6.965E-15	74
NODE_2_length_15559_cov_11.670198	UniRef50_E9D560	0.208	363	32	0	0	41	0	363	5.350E-19	86
NODE_2_length_15559_cov_11.670198	UniRef50_E9D562	0.957	55	2	0	0	55	0	55	4.729E-28	113
NODE_2_length_15559_cov_11.670198	UniRef50_C4JPH6	0.975	75	2	0	0	75	0	75	9.610E-43	156
NODE_2_length_15559_cov_11.670198	UniRef50_C4JPH6	0.644	299	63	0	0	177	0	299	1.204E-118	381
NODE_2_length_15559_cov_11.670198	UniRef50_A0A1L9TT91	0.773	163	28	0	0	123	0	163	2.052E-77	259
NODE_2_length_15559_cov_11.670198	UniRef50_E9D557	0.574	101	23	0	0	54	0	101	1.734E-28	114
NODE_2_length_15559_cov_11.670198	UniRef50_E9D541	0.935	205	13	0	0	205	0	205	5.173E-126	404
NODE_2_length_15559_cov_11.670198	UniRef50_E9D541	0.616	540	128	0	0	334	0	540	1.535E-208	649
NODE_2_length_15559_cov_11.670198	UniRef50_E9D541	0.191	607	51	0	0	64	0	607	4.319E-29	117
NODE_2_length_15559_cov_11.670198	UniRef50_E9D540	0.539	103	25	0	0	56	0	103	3.074E-26	108
NODE_2_length_15559_cov_11.670198	UniRef50_E9D540	0.297	139	20	0	0	30	0	139	8.411E-12	65
NODE_2_length_15559_cov_11.670198	UniRef50_E9D558	0.644	55	12	0	0	34	0	55	1.809E-14	73
NODE_2_length_15559_cov_11.670198	UniRef50_E9D558	0.370	136	25	0	0	41	0	136	2.834E-19	87
NODE_2_length_15559_cov_11.670198	UniRef50_E9D561	0.946	35	2	0	0	35	0	35	3.610E-14	72
NODE_2_length_15559_cov_11.670198	UniRef50_E9D561	0.620	91	21	0	0	57	0	91	5.242E-28	113
NODE_2_length_15559_cov_11.670198	UniRef50_J3K5C8	0.520	67	13	0	0	28	0	67	4.283E-13	68
NODE_3_length_12616_cov_11.431534	UniRef50_A0A0J8QRB9	0.955	90	4	0	0	81	0	90	8.059E-52	183
NODE_3_length_12616_cov_11.431534	UniRef50_J3K5G0	0.449	107	21	0	0	40	0	107	3.994E-20	89
NODE_3_length_12616_cov_11.431534	UniRef50_A0A0J6IBC1	0.783	99	18	0	0	86	0	99	5.112E-44	161
NODE_3_length_12616_cov_11.431534	UniRef50_A0A0J6YDA4	0.983	37	1	0	0	37	0	37	1.315E-16	79
NODE_3_length_12616_cov_11.431534	UniRef50_C4K0A8	0.380	318	61	0	0	100	0	318	3.072E-59	205
NODE_3_length_12616_cov_11.431534	UniRef50_C4K0A8	0.279	531	73	0	0	102	0	531	4.438E-62	214
NODE_3_length_12616_cov_11.431534	UniRef50_C4K0A8	0.318	694	110	0	0	162	0	694	1.153E-105	343
NODE_3_length_12616_cov_11.431534	UniRef50_C4K0A8	0.185	862	67	0	0	83	0	862	8.765E-41	151
NODE_3_length_12616_cov_11.431534	UniRef50_C0NPV4	0.897	79	7	0	0	69	0	79	1.125E-40	150
NODE_3_length_12616_cov_11.431534	UniRef50_C4K0A9	0.811	97	14	0	0	73	0	97	2.125E-45	164
NODE_3_length_12616_cov_11.431534	UniRef50_C4K0A9	0.423	340	71	0	0	124	0	340	9.539E-76	254
NODE_3_length_12616_cov_11.431534	UniRef50_A0A0J8S4Q5	0.967	34	1	0	0	33	0	34	4.444E-14	72
NODE_3_length_12616_cov_11.431534	UniRef50_A6QY31	0.202	469	38	0	0	48	0	469	6.647E-25	104
NODE_3_length_12616_cov_11.431534	UniRef50_A0A0J8S4Q5	0.691	157	32	0	0	105	0	157	6.158E-64	219
NODE_3_length_12616_cov_11.431534	UniRef50_J3K5G0	0.318	138	20	0	0	30	0	138	5.170E-14	71
NODE_3_length_12616_cov_11.431534	UniRef50_J3K5G1	0.796	91	16	0	0	77	0	91	8.929E-41	151
NODE_3_length_12616_cov_11.431534	UniRef50_J3K5G1	0.437	144	28	0	0	51	0	144	1.081E-28	115
NODE_3_length_12616_cov_11.431534	UniRef50_A0A0J6YQZ3	0.350	132	21	0	0	34	0	132	2.108E-16	78
NODE_3_length_12616_cov_11.431534	UniRef50_J3K5G1	0.330	237	39	0	0	59	0	237	1.212E-32	126
NODE_3_length_12616_cov_11.431534	UniRef50_J3K5G1	0.393	356	71	0	0	118	0	356	2.400E-71	241
NODE_4_length_10312_cov_11.183781	UniRef50_E9D539	0.848	63	8	0	0	54	0	63	4.490E-28	113
NODE_4_length_10312_cov_11.183781	UniRef50_J3K5E5	0.951	18	1	0	0	17	0	18	7.404E-03	38
NODE_4_length_10312_cov_11.183781	UniRef50_J3K5E5	0.822	133	20	0	0	116	0	133	1.382E-66	228
NODE_4_length_10312_cov_11.183781	UniRef50_E9D537	0.833	174	25	0	0	148	0	174	1.457E-91	301
NODE_4_length_10312_cov_11.183781	UniRef50_C5P3M7	0.199	1258	99	0	0	124	0	1258	1.571E-77	259
NODE_4_length_10312_cov_11.183781	UniRef50_E9D518	0.333	130	20	0	0	31	0	130	2.893E-14	72
NODE_4_length_10312_cov_11.183781	UniRef50_E9D518	0.312	320	52	0	0	77	0	320	2.745E-42	155
NODE_4_length_10312_cov_11.183781	UniRef50_F0US42	0.141	1111	29	0	0	35	0	1111	5.779E-16	77
NODE_4_length_10312_cov_11.183781	UniRef50_E9D537	0.286	234	31	0	0	45	0	234	9.870E-24	100
NODE_4_length_10312_cov_11.183781	UniRef50_E9D537	0.522	433	95	0	0	200	0	433	1.633E-133	425
NODE_4_length_10312_cov_11.183781	UniRef50_C5GXN5	0.236	124	12	0	0	17	0	124	1.499E-03	40
NODE_4_length_10312_cov_11.183781	UniRef50_E9D518	0.484	254	58	0	0	114	0	254	9.141E-67	228
NODE_4_length_10312_cov_11.183781	UniRef50_E9D534	0.396	257	48	0	0	80	0	257	1.210E-49	177
NODE_4_length_10312_cov_11.183781	UniRef50_E9DJW4	0.241	273	27	0	0	36	0	273	1.575E-19	87
NODE_4_length_10312_cov_11.183781	UniRef50_E9D540	0.981	56	1	0	0	56	0	56	8.074E-30	118
NODE_5_length_9152_cov_10.135868	UniRef50_J3K381	0.324	436	76	0	0	114	0	436	7.624E-65	222
NODE_5_length_9152_cov_10.135868	UniRef50_C5P679	0.651	137	27	0	0	78	0	137	2.250E-50	179
NODE_5_length_9152_cov_10.135868	UniRef50_J3K381	0.948	26	1	0	0	26	0	26	3.646E-08	54
NODE_5_length_9152_cov_10.135868	UniRef50_J3K381	0.804	261	38	0	0	196	0	261	4.611E-136	432
NODE_5_length_9152_cov_10.135868	UniRef50_J3K381	0.250	303	33	0	0	45	0	303	1.071E-24	103
NODE_5_length_9152_cov_10.135868	UniRef50_C5P679	0.389	207	42	0	0	69	0	207	4.232E-37	140
NODE_5_length_9152_cov_10.135868	UniRef50_C5P679	0.273	280	36	0	0	50	0	280	3.358E-27	110
NODE_5_length_9152_cov_10.135868	UniRef50_C5P679	0.825	1519	217	0	0	1239	0	1519	0.000E+00	2579
NODE_5_length_9152_cov_10.135868	UniRef50_A0A0J6F102	0.890	153	16	0	0	148	0	153	3.239E-86	286
NODE_6_length_6337_cov_10.108324	UniRef50_E9DJW1	0.775	147	26	0	0	116	0	147	4.683E-69	235
NODE_6_length_6337_cov_10.108324	UniRef50_A0A0J6YT96	0.979	243	5	0	0	243	0	243	6.981E-160	504
NODE_6_length_6337_cov_10.108324	UniRef50_A0A0J6YT96	0.195	264	19	0	0	25	0	264	1.322E-08	55
NODE_6_length_6337_cov_10.108324	UniRef50_A0A0J6YT96	0.407	412	89	0	0	151	0	412	2.394E-88	292
NODE_6_length_6337_cov_10.108324	UniRef50_J3K750	0.771	186	33	0	0	147	0	186	4.077E-89	294
NODE_6_length_6337_cov_10.108324	UniRef50_E9D529	0.404	98	21	0	0	36	0	98	5.243E-14	72
NODE_6_length_6337_cov_10.108324	UniRef50_A0A0E1RW27	0.602	57	12	0	0	31	0	57	1.952E-13	70
NODE_6_length_6337_cov_10.108324	UniRef50_A0A136IIB8	0.373	86	20	0	0	33	0	86	6.169E-09	57
NODE_6_length_6337_cov_10.108324	UniRef50_F2Q274	0.741	86	15	0	0	60	0	86	2.073E-34	132
NODE_6_length_6337_cov_10.108324	UniRef50_E9DJW1	0.739	32	5	0	0	21	0	32	4.787E-07	51
NODE_7_length_4546_cov_10.492504	UniRef50_E9DJW4	0.183	405	26	0	0	33	0	405	4.444E-14	72
NODE_7_length_4546_cov_10.492504	UniRef50_E9DJW4	0.217	456	38	0	0	50	0	456	2.101E-29	117
NODE_7_length_4546_cov_10.492504	UniRef50_E9DJW4	0.165	505	28	0	0	35	0	505	3.110E-12	66
NODE_7_length_4546_cov_10.492504	UniRef50_E9D510	1.000	87	0	0	0	83	0	87	3.767E-53	187
NODE_7_length_4546_cov_10.492504	UniRef50_E9DJW4	0.740	149	29	0	0	112	0	149	5.522E-66	226
NODE_7_length_4546_cov_10.492504	UniRef50_E9DJW4	0.259	305	34	0	0	47	0	305	3.940E-27	110
NODE_7_length_4546_cov_10.492504	UniRef50_E9DJW4	0.276	347	45	0	0	63	0	347	1.108E-36	138
NODE_7_length_4546_cov_10.492504	UniRef50_E9DJW4	0.282	631	93	0	0	130	0	631	7.431E-77	258
NODE_7_length_4546_cov_10.492504	UniRef50_E9D509	0.428	122	23	0	0	41	0	122	3.598E-22	95
NODE_7_length_4546_cov_10.492504	UniRef50_E9DJW4	0.172	726	42	0	0	52	0	726	1.221E-25	106
NODE_7_length_4546_cov_10.492504	UniRef50_E9DJW4	0.234	909	98	0	0	129	0	909	3.299E-79	265
NODE_7_length_4546_cov_10.492504	UniRef50_E9D509	0.224	375	36	0	0	48	0	375	9.129E-25	103
NODE_7_length_4546_cov_10.492504	UniRef50_E9DJW8	0.320	170	29	0	0	44	0	170	1.762E-19	88
NODE_8_length_4378_cov_9.579633	UniRef50_J3K6D4	0.192	182	13	0	0	17	0	182	7.404E-03	38
NODE_8_length_4378_cov_9.579633	UniRef50_J3K6D4	0.411	279	59	0	0	102	0	279	7.997E-58	201
NODE_8_length_4378_cov_9.579633	UniRef50_J3K6D4	0.188	360	25	0	0	32	0	360	7.370E-13	68
NODE_8_length_4378_cov_9.579633	UniRef50_J3K6D4	0.256	331	39	0	0	53	0	331	2.457E-29	117
NODE_8_length_4378_cov_9.579633	UniRef50_A0A177D571	0.705	71	14	0	0	48	0	71	9.129E-25	103
NODE_8_length_4378_cov_9.579633	UniRef50_A0A0D2C7H3	0.727	332	61	0	0	225	0	332	6.513E-155	488
NODE_8_length_4378_cov_9.579633	UniRef50_A0A0D2C7H3	0.192	363	24	0	0	31	0	363	2.893E-14	72
NODE_8_length_4378_cov_9.579633	UniRef50_J3K6D4	0.944	165	9	0	0	164	0	165	7.957E-101	329
NODE_10_length_2473_cov_0.953255	UniRef50_A0A1J0D018	0.754	641	122	0	0	495	0	641	1.729E-320	982
NODE_10_length_2473_cov_0.953255	UniRef50_A0A1J0D018	0.190	713	56	0	0	70	0	713	2.733E-35	135
NODE_10_length_2473_cov_0.953255	UniRef50_A0A1J0D018	0.191	783	55	0	0	69	0	783	2.908E-40	149
NODE_11_length_2438_cov_8.996612	UniRef50_A0A1J9PWJ2	0.714	62	13	0	0	47	0	62	8.619E-21	92
NODE_11_length_2438_cov_8.996612	UniRef50_A0A0J8QW59	0.854	118	15	0	0	103	0	118	4.260E-61	211
NODE_11_length_2438_cov_8.996612	UniRef50_C1GJG5	0.467	293	63	0	0	119	0	293	1.761E-74	250
NODE_11_length_2438_cov_8.996612	UniRef50_A0A0J8QW59	0.422	319	69	0	0	120	0	319	3.311E-70	238
NODE_12_length_2025_cov_6.997947	UniRef50_E9DAR5	0.544	66	13	0	0	30	0	66	5.170E-14	71
NODE_12_length_2025_cov_6.997947	UniRef50_C5P6Z7	0.185	449	33	0	0	41	0	449	4.576E-17	81
NODE_12_length_2025_cov_6.997947	UniRef50_A0A0J8S8H1	0.906	29	3	0	0	29	0	29	3.381E-09	57
NODE_12_length_2025_cov_6.997947	UniRef50_E9DAR7	0.405	114	23	0	0	40	0	114	6.441E-18	83
NODE_12_length_2025_cov_6.997947	UniRef50_A0A0J6F216	0.983	84	1	0	0	84	0	84	1.477E-49	177
NODE_12_length_2025_cov_6.997947	UniRef50_A0A0J6FJC9	0.702	66	12	0	0	42	0	66	2.763E-22	96
NODE_12_length_2025_cov_6.997947	UniRef50_C5P6Z7	0.746	89	17	0	0	66	0	89	3.338E-36	137
NODE_12_length_2025_cov_6.997947	UniRef50_A0A0J8UXN1	0.975	21	0	0	0	21	0	21	3.030E-05	46
NODE_12_length_2025_cov_6.997947	UniRef50_C5P6Z7	0.371	129	24	0	0	39	0	129	6.103E-18	83
NODE_12_length_2025_cov_6.997947	UniRef50_A6RFT9	0.947	124	6	0	0	122	0	124	7.209E-74	249
NODE_12_length_2025_cov_6.997947	UniRef50_C5P6Z7	0.685	383	79	0	0	253	0	383	6.192E-167	525
NODE_13_length_1962_cov_10.557560	UniRef50_E9DJW2	0.389	311	63	0	0	104	0	311	5.609E-60	208
NODE_13_length_1962_cov_10.557560	UniRef50_E9DJW3	0.498	92	20	0	0	41	0	92	1.501E-19	88
NODE_13_length_1962_cov_10.557560	UniRef50_J3KJH9	1.000	39	0	0	0	39	0	39	1.581E-21	93
NODE_13_length_1962_cov_10.557560	UniRef50_E9DJW2	1.000	27	0	0	0	27	0	27	4.794E-11	63
NODE_13_length_1962_cov_10.557560	UniRef50_E9DJW2	0.553	50	10	0	0	24	0	50	9.065E-09	56
NODE_13_length_1962_cov_10.557560	UniRef50_E9DJW2	0.613	112	24	0	0	63	0	112	3.933E-36	137
NODE_13_length_1962_cov_10.557560	UniRef50_E9DJW2	0.557	210	48	0	0	110	0	210	6.870E-66	225
NODE_14_length_1946_cov_12.348315	UniRef50_A0A0J8S6B4	0.942	30	2	0	0	30	0	30	1.075E-10	62
NODE_14_length_1946_cov_12.348315	UniRef50_A0A0J8S6B4	0.648	76	16	0	0	47	0	76	1.097E-23	100
NODE_14_length_1946_cov_12.348315	UniRef50_A0A0J8S6B4	0.424	118	24	0	0	43	0	118	1.316E-20	91
NODE_14_length_1946_cov_12.348315	UniRef50_C5FE08	0.697	87	17	0	0	57	0	87	7.320E-32	124
NODE_14_length_1946_cov_12.348315	UniRef50_C5FE08	0.493	206	45	0	0	90	0	206	4.251E-54	190
NODE_14_length_1946_cov_12.348315	UniRef50_A0A0J8S741	0.821	96	13	0	0	76	0	96	1.312E-45	165
NODE_15_length_1944_cov_6.246385	UniRef50_T5BTL8	0.277	265	38	0	0	53	0	265	3.615E-26	108
NODE_15_length_1944_cov_6.246385	UniRef50_T5BGM3	0.268	133	17	0	0	24	0	133	8.443E-08	53
NODE_15_length_1944_cov_6.246385	UniRef50_A0A0J8UVY9	0.347	74	13	0	0	21	0	74	4.170E-05	45
NODE_15_length_1944_cov_6.246385	UniRef50_C5GU16	0.506	88	19	0	0	39	0	88	6.601E-19	86
NODE_15_length_1944_cov_6.246385	UniRef50_A0A0A2V1Z1	0.914	121	10	0	0	113	0	121	1.044E-68	233
NODE_15_length_1944_cov_6.246385	UniRef50_C5GU16	0.673	228	45	0	0	139	0	228	8.275E-94	307
NODE_15_length_1944_cov_6.246385	UniRef50_A0A0A0HS47	0.733	59	10	0	0	39	0	59	2.005E-20	90
NODE_15_length_1944_cov_6.246385	UniRef50_A0A0J8S6T5	1.000	111	0	0	0	111	0	111	9.064E-72	242
NODE_16_length_1909_cov_0.978712	UniRef50_A0A4Q0A0N3	0.872	58	6	0	0	50	0	58	3.092E-26	108
NODE_16_length_1909_cov_0.978712	UniRef50_V5RE27	0.273	278	37	0	0	52	0	278	7.027E-27	109
NODE_16_length_1909_cov_0.978712	UniRef50_A0A650AFH5	0.248	331	38	0	0	52	0	331	5.117E-27	110
NODE_16_length_1909_cov_0.978712	UniRef50_Q02706	0.960	56	2	0	0	56	0	56	7.428E-29	115
NODE_16_length_1909_cov_0.978712	UniRef50_A0A0E3X473	0.931	63	4	0	0	63	0	63	3.846E-32	125
NODE_16_length_1909_cov_0.978712	UniRef50_Q02706	0.584	120	26	0	0	63	0	120	1.521E-36	138
NODE_16_length_1909_cov_0.978712	UniRef50_UPI0000166155	0.498	122	28	0	0	56	0	122	7.428E-29	115
NODE_16_length_1909_cov_0.978712	UniRef50_A0A4Q3E1Y6	1.000	51	0	0	0	51	0	51	1.366E-27	111
NODE_17_length_1799_cov_11.166086	UniRef50_E9DHA0	0.937	266	15	0	0	247	0	266	6.387E-167	524
NODE_17_length_1799_cov_11.166086	UniRef50_E9DHA0	0.521	507	115	0	0	241	0	507	4.771E-157	496
NODE_18_length_1793_cov_10.651515	UniRef50_C5P6Z8	0.245	405	42	0	0	56	0	405	2.317E-34	131
NODE_18_length_1793_cov_10.651515	UniRef50_C5P6Z8	0.257	482	57	0	0	78	0	482	4.466E-47	169
NODE_18_length_1793_cov_10.651515	UniRef50_A0A0J8S8H1	0.518	146	33	0	0	69	0	146	1.299E-38	144
NODE_18_length_1793_cov_10.651515	UniRef50_A0A1J9QJW5	0.350	189	32	0	0	50	0	189	3.358E-27	110
NODE_18_length_1793_cov_10.651515	UniRef50_C5P6Z8	0.548	310	70	0	0	156	0	310	1.746E-99	325
NODE_18_length_1793_cov_10.651515	UniRef50_C5P6Z8	0.226	349	33	0	0	44	0	349	4.576E-23	98
NODE_18_length_1793_cov_10.651515	UniRef50_A0A1J9QJK2	0.569	90	19	0	0	44	0	90	3.613E-24	101
NODE_20_length_1371_cov_1.026275	UniRef50_A0A513U0Z7	0.700	199	41	0	0	138	0	199	8.853E-85	281
NODE_20_length_1371_cov_1.026275	UniRef50_A0A059PA96	0.631	166	39	0	0	106	0	166	4.509E-60	208
NODE_20_length_1371_cov_1.026275	UniRef50_A0A7L8EY70	0.933	41	3	0	0	41	0	41	9.340E-18	83
NODE_20_length_1371_cov_1.026275	UniRef50_A0A513U0Z7	0.286	440	63	0	0	89	0	440	3.387E-52	184
NODE_21_length_1351_cov_1.083987	UniRef50_A0A7G7YDT2	0.428	210	44	0	0	78	0	210	2.503E-44	161
NODE_21_length_1351_cov_1.083987	UniRef50_UPI00131538B0	0.936	112	7	0	0	109	0	112	8.198E-65	222
NODE_22_length_1307_cov_0.986992	UniRef50_A0A191MX02	0.465	251	56	0	0	106	0	251	3.936E-62	214
NODE_23_length_1193_cov_0.926523	UniRef50_A0A291LIE5	0.403	269	54	0	0	92	0	269	6.439E-54	190
NODE_23_length_1193_cov_0.926523	UniRef50_A0A1D8RE29	0.232	227	22	0	0	30	0	227	4.794E-13	68
NODE_23_length_1193_cov_0.926523	UniRef50_A0A1D8RE29	0.293	287	41	0	0	59	0	287	8.826E-33	127
NODE_24_length_1098_cov_1.459354	UniRef50_Q36580	0.788	211	35	0	0	168	0	211	2.890E-105	342
NODE_24_length_1098_cov_1.459354	UniRef50_Q36580	0.374	304	58	0	0	93	0	304	5.390E-55	193
NODE_25_length_1026_cov_0.956797	UniRef50_A0A0D4D375	0.442	122	25	0	0	46	0	122	1.963E-23	99
NODE_25_length_1026_cov_0.956797	UniRef50_A0A4Y5MV41	0.208	927	83	0	0	106	0	927	5.399E-62	214
NODE_27_length_925_cov_0.943396	UniRef50_A0A291LIR6	0.776	60	10	0	0	45	0	60	6.627E-23	98
NODE_31_length_798_cov_4.514563	UniRef50_A0A1J9QG98	0.693	121	24	0	0	80	0	121	1.911E-47	170
NODE_33_length_764_cov_9.928675	UniRef50_A0A0J8RXC0	1.000	137	0	0	0	137	0	137	1.835E-89	295
NODE_34_length_722_cov_12.150155	UniRef50_C4JJG1	1.000	95	0	0	0	95	0	95	6.467E-63	216
NODE_34_length_722_cov_12.150155	UniRef50_A0A0J8QXN7	0.919	66	5	0	0	66	0	66	1.884E-33	129
NODE_34_length_722_cov_12.150155	UniRef50_A0A0J8QXN7	0.481	102	21	0	0	42	0	102	2.551E-21	93
NODE_36_length_669_cov_10.070946	UniRef50_J3K651	0.463	167	38	0	0	71	0	167	5.101E-38	143
NODE_37_length_645_cov_11.406690	UniRef50_J3KGI8	0.274	208	27	0	0	38	0	208	3.063E-18	84
NODE_37_length_645_cov_11.406690	UniRef50_A0A0J6XZ68	0.908	46	4	0	0	46	0	46	4.001E-20	90
NODE_37_length_645_cov_11.406690	UniRef50_A0A0J6XZ68	0.622	90	22	0	0	58	0	90	1.040E-27	112
NODE_40_length_520_cov_3.902935	UniRef50_A6RES6	0.548	213	49	0	0	110	0	213	1.773E-65	224
NODE_40_length_520_cov_3.902935	UniRef50_A0A1J9RGJ0	0.334	221	36	0	0	55	0	221	1.571E-30	120
NODE_42_length_488_cov_7.496350	UniRef50_A0A0J8TK82	0.290	377	50	0	0	72	0	377	7.165E-45	162
NODE_42_length_488_cov_7.496350	UniRef50_A0A0J8TK82	0.258	448	54	0	0	74	0	448	1.877E-43	158
NODE_47_length_439_cov_6.044199	UniRef50_J3K095	0.338	143	24	0	0	37	0	143	5.067E-17	80
NODE_48_length_394_cov_5.056782	UniRef50_A0A0J8RPQ0	0.327	529	87	0	0	131	0	529	4.788E-82	273
NODE_50_length_351_cov_7.248175	UniRef50_A0A0J8RSL6	0.800	83	12	0	0	61	0	83	7.287E-37	139
NODE_52_length_339_cov_11.099237	UniRef50_C4JPF0	0.221	534	47	0	0	61	0	534	1.089E-37	141
NODE_53_length_329_cov_6.658730	UniRef50_J3KFL6	0.521	96	22	0	0	46	0	96	1.318E-22	97
NODE_54_length_326_cov_4.293173	UniRef50_E9D1T6	0.507	220	53	0	0	108	0	220	1.404E-60	210
NODE_56_length_308_cov_7.324675	UniRef50_J3K6D4	0.195	1139	81	0	0	102	0	1139	6.364E-66	225
NODE_67_length_257_cov_4.755556	UniRef50_A0A0J6YIA9	0.658	132	29	0	0	85	0	132	7.551E-49	175
