NODE_11_length_3702_cov_3.878897	UniRef50_E9D509	0.247	322	36	0	0	49	0	322	7.601E-26	106
NODE_11_length_3702_cov_3.878897	UniRef50_E9DJW4	0.173	969	56	0	0	69	0	969	1.192E-37	141
NODE_11_length_3702_cov_3.878897	UniRef50_E9DJW4	0.165	505	28	0	0	35	0	505	3.110E-12	66
NODE_11_length_3702_cov_3.878897	UniRef50_J3K5G8	0.771	129	23	0	0	103	0	129	4.882E-59	205
NODE_11_length_3702_cov_3.878897	UniRef50_E9D509	0.718	181	36	0	0	127	0	181	5.631E-79	264
NODE_11_length_3702_cov_3.878897	UniRef50_E9DJW4	0.181	849	56	0	0	69	0	849	4.232E-37	140
NODE_11_length_3702_cov_3.878897	UniRef50_E9D509	0.224	375	36	0	0	48	0	375	9.129E-25	103
NODE_11_length_3702_cov_3.878897	UniRef50_E9D508	0.467	141	29	0	0	56	0	141	2.470E-31	123
NODE_12_length_3611_cov_4.316355	UniRef50_A0A0D8JUC9	0.460	226	46	0	0	86	0	226	3.485E-54	190
NODE_12_length_3611_cov_4.316355	UniRef50_A0A084AZR3	0.546	155	35	0	0	77	0	155	4.893E-45	163
NODE_13_length_3542_cov_3.917749	UniRef50_E9D546	0.326	679	118	0	0	176	0	679	2.717E-107	348
NODE_13_length_3542_cov_3.917749	UniRef50_N1QB18	0.352	234	41	0	0	65	0	234	4.355E-36	137
NODE_13_length_3542_cov_3.917749	UniRef50_N1S4J7	0.576	87	20	0	0	48	0	87	2.181E-23	99
NODE_13_length_3542_cov_3.917749	UniRef50_A0A2D5SHI7	0.691	40	7	0	0	24	0	40	1.340E-09	58
NODE_13_length_3542_cov_3.917749	UniRef50_A0A4Q4SW14	0.172	474	22	0	0	28	0	474	6.351E-14	71
NODE_13_length_3542_cov_3.917749	UniRef50_E9D546	0.984	64	1	0	0	64	0	64	1.470E-35	135
NODE_13_length_3542_cov_3.917749	UniRef50_E9D546	0.290	333	47	0	0	67	0	333	1.612E-38	144
NODE_13_length_3542_cov_3.917749	UniRef50_J3K5E1	0.983	130	2	0	0	130	0	130	1.176E-81	272
NODE_14_length_3443_cov_3.817588	UniRef50_A0A0H1BKW6	0.497	164	37	0	0	75	0	164	1.209E-41	153
NODE_14_length_3443_cov_3.817588	UniRef50_A0A0J6FBR2	0.869	79	9	0	0	68	0	79	6.557E-39	145
NODE_15_length_3429_cov_3.351730	UniRef50_J3K8C2	0.183	360	23	0	0	29	0	360	1.503E-11	64
NODE_15_length_3429_cov_3.351730	UniRef50_A0A194VQE6	0.174	621	34	0	0	42	0	621	1.352E-21	94
NODE_15_length_3429_cov_3.351730	UniRef50_E9CSH9	0.990	83	1	0	0	83	0	83	2.646E-49	176
NODE_15_length_3429_cov_3.351730	UniRef50_A0A0J6FE70	0.678	108	23	0	0	71	0	108	4.415E-40	149
NODE_15_length_3429_cov_3.351730	UniRef50_A0A0D8JTG2	0.994	90	1	0	0	90	0	90	1.646E-54	191
NODE_15_length_3429_cov_3.351730	UniRef50_J3K8C2	0.446	164	34	0	0	62	0	164	4.712E-35	134
NODE_15_length_3429_cov_3.351730	UniRef50_J3K8C2	0.413	278	57	0	0	98	0	278	4.791E-58	202
NODE_15_length_3429_cov_3.351730	UniRef50_J3K8C2	0.203	334	26	0	0	33	0	334	1.847E-15	76
NODE_16_length_3061_cov_4.057976	UniRef50_C1H2L8	0.575	109	24	0	0	57	0	109	1.380E-31	123
NODE_16_length_3061_cov_4.057976	UniRef50_C1H2L8	0.348	197	34	0	0	53	0	197	1.647E-28	114
NODE_16_length_3061_cov_4.057976	UniRef50_J3KME4	1.000	114	0	0	0	114	0	114	5.856E-76	254
NODE_16_length_3061_cov_4.057976	UniRef50_A0A0J6FS56	0.323	163	28	0	0	43	0	163	1.124E-18	85
NODE_16_length_3061_cov_4.057976	UniRef50_A0A1V6XPE0	0.292	336	49	0	0	70	0	336	1.490E-39	147
NODE_17_length_2593_cov_3.776232	UniRef50_C5FWF5	0.292	207	30	0	0	43	0	207	5.077E-21	92
NODE_17_length_2593_cov_3.776232	UniRef50_A0A179U2E4	0.431	108	22	0	0	40	0	108	9.571E-19	85
NODE_17_length_2593_cov_3.776232	UniRef50_C5FWF5	0.276	258	33	0	0	46	0	258	4.356E-25	104
NODE_17_length_2593_cov_3.776232	UniRef50_J3KME8	0.937	34	2	0	0	34	0	34	3.170E-13	69
NODE_17_length_2593_cov_3.776232	UniRef50_J3KME8	0.751	93	16	0	0	65	0	93	1.061E-38	144
NODE_17_length_2593_cov_3.776232	UniRef50_A0A1E3BGI8	0.620	70	14	0	0	39	0	70	1.348E-19	88
NODE_17_length_2593_cov_3.776232	UniRef50_J3KME8	0.495	166	38	0	0	76	0	166	4.918E-42	154
NODE_17_length_2593_cov_3.776232	UniRef50_A0A0J6FS56	0.385	78	13	0	0	22	0	78	2.883E-08	54
NODE_18_length_2508_cov_3.538873	UniRef50_C4JFT8	0.241	166	19	0	0	26	0	166	2.651E-08	55
NODE_18_length_2508_cov_3.538873	UniRef50_C4JFT8	0.308	211	30	0	0	45	0	211	2.019E-24	102
NODE_18_length_2508_cov_3.538873	UniRef50_C4JFT8	0.441	323	67	0	0	120	0	323	3.044E-76	256
NODE_18_length_2508_cov_3.538873	UniRef50_A0A0J8RQT1	0.986	113	2	0	0	113	0	113	4.431E-70	237
NODE_18_length_2508_cov_3.538873	UniRef50_C4JFT8	0.972	45	1	0	0	45	0	45	8.400E-22	94
NODE_18_length_2508_cov_3.538873	UniRef50_C4JFT8	0.699	140	28	0	0	95	0	140	7.112E-57	198
NODE_19_length_2266_cov_3.532663	UniRef50_E9DGF3	0.944	179	9	0	0	168	0	179	1.790E-110	357
NODE_19_length_2266_cov_3.532663	UniRef50_E9DGF3	0.529	321	67	0	0	144	0	321	1.222E-98	321
NODE_20_length_1948_cov_3.590059	UniRef50_A0A0U1M4C9	0.509	133	29	0	0	61	0	133	2.005E-33	129
NODE_20_length_1948_cov_3.590059	UniRef50_E9D508	0.379	206	40	0	0	66	0	206	3.065E-35	134
NODE_20_length_1948_cov_3.590059	UniRef50_A0A0D8JWW8	0.981	86	2	0	0	86	0	86	9.467E-51	180
NODE_20_length_1948_cov_3.590059	UniRef50_E9D507	0.667	227	46	0	0	140	0	227	3.840E-92	302
NODE_20_length_1948_cov_3.590059	UniRef50_E9D507	0.242	270	30	0	0	41	0	270	3.894E-19	87
NODE_63_length_297_cov_0.613636	UniRef50_A0A7R6NFI1	0.283	438	62	0	0	87	0	438	5.285E-51	181
NODE_71_length_264_cov_0.855615	UniRef50_A0A7R6NFI1	0.363	292	55	0	0	88	0	292	9.570E-50	177
NODE_75_length_252_cov_1.668571	UniRef50_A0A0J6YIA9	0.657	130	28	0	0	84	0	130	9.027E-48	171
NODE_77_length_252_cov_0.508571	UniRef50_A0A6M8PRG5	0.458	165	39	0	0	73	0	165	9.751E-37	139
NODE_80_length_247_cov_0.676471	UniRef50_A0A291F823	0.231	230	24	0	0	32	0	230	5.361E-13	68
NODE_21_length_1907_cov_4.551913	UniRef50_C5FE08	0.697	87	17	0	0	57	0	87	7.320E-32	124
NODE_21_length_1907_cov_4.551913	UniRef50_C5FE08	0.493	206	45	0	0	90	0	206	4.251E-54	190
NODE_21_length_1907_cov_4.551913	UniRef50_A0A0J8S741	0.821	96	13	0	0	76	0	96	1.312E-45	165
NODE_21_length_1907_cov_4.551913	UniRef50_A0A0J8S6B4	0.942	30	2	0	0	30	0	30	1.075E-10	62
NODE_21_length_1907_cov_4.551913	UniRef50_A0A0J8S6B4	0.648	76	16	0	0	47	0	76	1.097E-23	100
NODE_21_length_1907_cov_4.551913	UniRef50_A0A0J8S6B4	0.424	118	24	0	0	43	0	118	1.316E-20	91
NODE_22_length_1790_cov_3.311734	UniRef50_E9DHA0	0.928	266	17	0	0	244	0	266	3.340E-165	519
NODE_22_length_1790_cov_3.311734	UniRef50_E9DHA0	0.521	507	115	0	0	241	0	507	4.771E-157	496
NODE_23_length_1774_cov_3.470242	UniRef50_A0A0U5FN70	0.599	117	27	0	0	69	0	117	1.094E-36	139
NODE_23_length_1774_cov_3.470242	UniRef50_A0A0U5FN70	0.708	47	10	0	0	34	0	47	2.306E-13	70
NODE_26_length_1123_cov_3.291587	UniRef50_J3K012	0.996	96	0	0	0	95	0	96	6.199E-59	204
NODE_26_length_1123_cov_3.291587	UniRef50_A0A1J9Q2Z0	0.854	171	21	0	0	146	0	171	1.058E-92	304
NODE_26_length_1123_cov_3.291587	UniRef50_J3K012	0.361	193	35	0	0	55	0	193	1.053E-29	118
NODE_27_length_1075_cov_1.957916	UniRef50_A0A3F3PJL7	0.405	231	48	0	0	81	0	231	2.313E-45	164
NODE_27_length_1075_cov_1.957916	UniRef50_A0A3F3PJL7	0.256	276	35	0	0	48	0	276	5.651E-23	98
NODE_27_length_1075_cov_1.957916	UniRef50_A0A397FX75	0.408	442	86	0	0	147	0	442	4.150E-96	314
NODE_28_length_998_cov_2.319218	UniRef50_A0A0D8JTV7	0.481	87	19	0	0	38	0	87	7.351E-17	80
NODE_28_length_998_cov_2.319218	UniRef50_E9CYW8	0.942	50	3	0	0	50	0	50	4.954E-24	101
NODE_28_length_998_cov_2.319218	UniRef50_C1H409	0.539	107	24	0	0	52	0	107	1.048E-27	112
NODE_28_length_998_cov_2.319218	UniRef50_A0A0D8JTV7	1.000	49	0	0	0	49	0	49	3.760E-29	116
NODE_30_length_950_cov_1.644903	UniRef50_A6REX9	0.311	296	48	0	0	70	0	296	2.575E-38	143
NODE_30_length_950_cov_1.644903	UniRef50_A6REX9	0.307	388	59	0	0	86	0	388	1.419E-51	183
NODE_36_length_729_cov_2.970859	UniRef50_A0A0J8RXC0	1.000	137	0	0	0	137	0	137	1.835E-89	295
NODE_37_length_723_cov_3.272446	UniRef50_C4JJG1	1.000	95	0	0	0	95	0	95	6.467E-63	216
NODE_37_length_723_cov_3.272446	UniRef50_A0A0J8QXN7	0.919	66	5	0	0	66	0	66	1.884E-33	129
NODE_37_length_723_cov_3.272446	UniRef50_A0A0J8QXN7	0.481	102	21	0	0	42	0	102	2.551E-21	93
NODE_38_length_716_cov_2.123631	UniRef50_J3KMF4	0.886	31	3	0	0	31	0	31	5.595E-10	60
NODE_38_length_716_cov_2.123631	UniRef50_J3KMF4	0.736	129	25	0	0	96	0	129	1.764E-55	194
NODE_1_length_21109_cov_4.002900	UniRef50_E9D543	0.302	309	43	0	0	62	0	309	3.230E-38	143
NODE_1_length_21109_cov_4.002900	UniRef50_E9D543	0.216	395	36	0	0	47	0	395	5.814E-24	101
NODE_1_length_21109_cov_4.002900	UniRef50_J3K5E5	1.000	18	0	0	0	18	0	18	1.161E-03	41
NODE_1_length_21109_cov_4.002900	UniRef50_J3K551	0.567	84	19	0	0	44	0	84	1.094E-21	94
NODE_1_length_21109_cov_4.002900	UniRef50_E9D543	0.180	431	29	0	0	36	0	431	2.775E-14	72
NODE_1_length_21109_cov_4.002900	UniRef50_E9D541	0.365	128	25	0	0	40	0	128	4.337E-17	81
NODE_1_length_21109_cov_4.002900	UniRef50_J3K551	0.410	199	41	0	0	70	0	199	1.367E-38	144
NODE_1_length_21109_cov_4.002900	UniRef50_E9D541	0.494	241	55	0	0	109	0	241	5.976E-65	222
NODE_1_length_21109_cov_4.002900	UniRef50_E9D544	0.917	34	2	0	0	30	0	34	9.060E-13	68
NODE_1_length_21109_cov_4.002900	UniRef50_E9D544	0.673	114	24	0	0	75	0	114	2.484E-42	155
NODE_1_length_21109_cov_4.002900	UniRef50_E9D544	0.401	239	47	0	0	79	0	239	1.665E-46	168
NODE_1_length_21109_cov_4.002900	UniRef50_E9D544	0.461	400	86	0	0	160	0	400	5.774E-103	335
NODE_1_length_21109_cov_4.002900	UniRef50_E9D544	0.262	482	59	0	0	81	0	482	8.488E-49	174
NODE_1_length_21109_cov_4.002900	UniRef50_J3K5E5	0.822	133	20	0	0	116	0	133	1.382E-66	228
NODE_1_length_21109_cov_4.002900	UniRef50_E9D537	0.853	184	24	0	0	161	0	184	3.340E-100	327
NODE_1_length_21109_cov_4.002900	UniRef50_E9D537	0.257	225	26	0	0	36	0	225	2.541E-17	81
NODE_1_length_21109_cov_4.002900	UniRef50_E9D537	0.271	328	42	0	0	58	0	328	6.107E-33	127
NODE_1_length_21109_cov_4.002900	UniRef50_E9D537	0.330	433	69	0	0	104	0	433	1.054E-66	227
NODE_1_length_21109_cov_4.002900	UniRef50_C5P3M7	0.263	1370	173	0	0	236	0	1370	1.656E-155	491
NODE_1_length_21109_cov_4.002900	UniRef50_E9D537	0.158	458	20	0	0	25	0	458	1.232E-07	53
NODE_1_length_21109_cov_4.002900	UniRef50_E9D537	0.280	578	86	0	0	120	0	578	1.070E-68	234
NODE_1_length_21109_cov_4.002900	UniRef50_E9D536	0.298	235	37	0	0	54	0	235	5.229E-26	107
NODE_1_length_21109_cov_4.002900	UniRef50_E9D572	0.276	310	42	0	0	59	0	310	8.113E-32	124
NODE_1_length_21109_cov_4.002900	UniRef50_E9D572	0.319	405	63	0	0	94	0	405	2.090E-58	203
NODE_1_length_21109_cov_4.002900	UniRef50_E9D572	0.174	437	25	0	0	31	0	437	1.317E-12	67
NODE_1_length_21109_cov_4.002900	UniRef50_E9D572	0.276	536	70	0	0	98	0	536	1.770E-61	212
NODE_1_length_21109_cov_4.002900	UniRef50_A0A478ECG1	0.482	206	47	0	0	91	0	206	3.740E-52	184
NODE_1_length_21109_cov_4.002900	UniRef50_A0A225ABY5	0.133	1391	28	0	0	33	0	1391	5.668E-13	68
NODE_1_length_21109_cov_4.002900	UniRef50_E9D540	0.933	103	7	0	0	103	0	103	1.260E-58	204
NODE_1_length_21109_cov_4.002900	UniRef50_E9D540	0.297	139	20	0	0	30	0	139	8.411E-12	65
NODE_1_length_21109_cov_4.002900	UniRef50_E9D542	0.368	70	11	0	0	19	0	70	1.416E-05	46
NODE_1_length_21109_cov_4.002900	UniRef50_J3K5E3	0.883	105	12	0	0	105	0	105	1.456E-55	195
NODE_1_length_21109_cov_4.002900	UniRef50_E9D542	0.276	204	28	0	0	39	0	204	6.103E-18	83
NODE_1_length_21109_cov_4.002900	UniRef50_E9D542	0.232	233	23	0	0	31	0	233	1.420E-13	70
NODE_1_length_21109_cov_4.002900	UniRef50_E9D541	0.222	284	26	0	0	35	0	284	3.060E-16	78
NODE_1_length_21109_cov_4.002900	UniRef50_E9D541	0.202	358	31	0	0	40	0	358	1.126E-16	79
NODE_1_length_21109_cov_4.002900	UniRef50_E9D541	0.284	471	72	0	0	101	0	471	8.732E-56	196
NODE_1_length_21109_cov_4.002900	UniRef50_E9D541	0.181	577	40	0	0	50	0	577	8.619E-23	98
NODE_1_length_21109_cov_4.002900	UniRef50_E9D539	0.757	63	11	0	0	47	0	63	1.506E-23	100
NODE_1_length_21109_cov_4.002900	UniRef50_E9D572	0.165	583	27	0	0	33	0	583	1.344E-15	76
NODE_1_length_21109_cov_4.002900	UniRef50_E9D572	0.203	651	53	0	0	67	0	651	4.167E-38	143
NODE_1_length_21109_cov_4.002900	UniRef50_E9D572	0.221	768	69	0	0	90	0	768	6.070E-58	201
NODE_1_length_21109_cov_4.002900	UniRef50_E9D572	0.215	890	82	0	0	106	0	890	2.506E-64	220
NODE_1_length_21109_cov_4.002900	UniRef50_E9D572	0.145	923	27	0	0	32	0	923	1.619E-14	73
NODE_1_length_21109_cov_4.002900	UniRef50_A0A0J6Y9F1	0.588	61	11	0	0	28	0	61	1.780E-14	72
NODE_1_length_21109_cov_4.002900	UniRef50_J3K5E3	0.315	166	27	0	0	40	0	166	3.412E-18	84
NODE_1_length_21109_cov_4.002900	UniRef50_E9D572	0.808	190	29	0	0	152	0	190	4.226E-97	317
NODE_1_length_21109_cov_4.002900	UniRef50_A0A0E1RW04	0.372	173	33	0	0	54	0	173	4.134E-27	110
NODE_1_length_21109_cov_4.002900	UniRef50_E9D544	0.176	523	32	0	0	40	0	523	1.671E-17	82
NODE_1_length_21109_cov_4.002900	UniRef50_E9D543	1.000	43	0	0	0	43	0	43	1.545E-22	96
NODE_1_length_21109_cov_4.002900	UniRef50_E9D543	0.349	213	40	0	0	63	0	213	1.876E-31	123
NODE_2_length_15078_cov_3.765482	UniRef50_A0A0D8JU09	0.374	146	26	0	0	43	0	146	7.555E-22	94
NODE_2_length_15078_cov_3.765482	UniRef50_E9D519	0.718	52	10	0	0	38	0	52	3.604E-16	78
NODE_2_length_15078_cov_3.765482	UniRef50_A0A0D8JWX3	0.748	124	24	0	0	98	0	124	4.596E-54	190
NODE_2_length_15078_cov_3.765482	UniRef50_A0A0D8JWX3	0.388	193	41	0	0	68	0	193	1.106E-33	130
NODE_2_length_15078_cov_3.765482	UniRef50_A0A1B7NN37	0.880	60	6	0	0	54	0	60	8.467E-28	112
NODE_2_length_15078_cov_3.765482	UniRef50_A0A0G2I503	0.820	69	9	0	0	53	0	69	3.667E-30	119
NODE_2_length_15078_cov_3.765482	UniRef50_E9D518	0.638	96	20	0	0	57	0	96	1.380E-31	123
NODE_2_length_15078_cov_3.765482	UniRef50_E9D518	0.366	138	24	0	0	39	0	138	2.545E-19	87
NODE_2_length_15078_cov_3.765482	UniRef50_E9D518	0.370	258	49	0	0	79	0	258	1.918E-44	162
NODE_2_length_15078_cov_3.765482	UniRef50_E9DJW4	0.264	285	31	0	0	43	0	285	5.539E-26	106
NODE_2_length_15078_cov_3.765482	UniRef50_J3K5H1	0.909	167	13	0	0	147	0	167	9.392E-98	319
NODE_2_length_15078_cov_3.765482	UniRef50_J3K5H1	0.326	220	38	0	0	57	0	220	7.821E-29	115
NODE_2_length_15078_cov_3.765482	UniRef50_E9D510	0.838	87	11	0	0	66	0	87	1.053E-41	153
NODE_2_length_15078_cov_3.765482	UniRef50_E9DJW3	0.366	70	11	0	0	19	0	70	1.948E-05	46
NODE_2_length_15078_cov_3.765482	UniRef50_A0A0E1RWW6	0.554	51	11	0	0	25	0	51	3.694E-09	57
NODE_2_length_15078_cov_3.765482	UniRef50_A0A0E1RWW6	0.458	86	18	0	0	35	0	86	5.354E-15	74
NODE_2_length_15078_cov_3.765482	UniRef50_J3K5H3	0.928	26	2	0	0	26	0	26	9.493E-08	53
NODE_2_length_15078_cov_3.765482	UniRef50_J3K5H3	0.817	117	16	0	0	91	0	117	3.100E-57	199
NODE_2_length_15078_cov_3.765482	UniRef50_J3K5H2	0.957	85	4	0	0	85	0	85	1.950E-48	173
NODE_2_length_15078_cov_3.765482	UniRef50_J3K5H2	0.493	148	32	0	0	65	0	148	2.311E-36	138
NODE_2_length_15078_cov_3.765482	UniRef50_E9D514	0.315	219	34	0	0	50	0	219	8.695E-27	109
NODE_2_length_15078_cov_3.765482	UniRef50_E9D514	0.338	294	52	0	0	79	0	294	2.632E-44	161
NODE_2_length_15078_cov_3.765482	UniRef50_J3K5H1	1.000	20	0	0	0	20	0	20	1.505E-05	46
NODE_2_length_15078_cov_3.765482	UniRef50_J3K5H1	0.246	269	37	0	0	50	0	269	6.781E-20	89
NODE_2_length_15078_cov_3.765482	UniRef50_E9D511	0.809	72	9	0	0	50	0	72	2.483E-31	122
NODE_2_length_15078_cov_3.765482	UniRef50_J3K5G9	0.972	170	5	0	0	163	0	170	3.009E-108	350
NODE_2_length_15078_cov_3.765482	UniRef50_E9D511	0.179	408	27	0	0	34	0	408	8.236E-13	68
NODE_2_length_15078_cov_3.765482	UniRef50_A0A0E1RWG9	0.390	139	26	0	0	43	0	139	4.004E-22	95
NODE_2_length_15078_cov_3.765482	UniRef50_E9DJW4	0.485	75	17	0	0	34	0	75	1.677E-13	70
NODE_2_length_15078_cov_3.765482	UniRef50_E9DJW4	0.492	141	33	0	0	66	0	141	5.305E-34	131
NODE_2_length_15078_cov_3.765482	UniRef50_E9DJW4	0.302	241	34	0	0	49	0	241	6.526E-28	112
NODE_2_length_15078_cov_3.765482	UniRef50_A0A0D8JUI4	0.504	99	20	0	0	42	0	99	2.763E-22	96
NODE_2_length_15078_cov_3.765482	UniRef50_A0A0D8JUI4	0.450	164	39	0	0	72	0	164	2.201E-35	135
NODE_2_length_15078_cov_3.765482	UniRef50_A0A0D8JUI4	0.269	202	28	0	0	39	0	202	1.466E-16	79
NODE_2_length_15078_cov_3.765482	UniRef50_A0A0D8JWX3	0.914	25	2	0	0	25	0	25	8.354E-07	50
NODE_2_length_15078_cov_3.765482	UniRef50_J3K5H0	0.354	123	23	0	0	36	0	123	5.655E-15	74
NODE_2_length_15078_cov_3.765482	UniRef50_E9DJX3	0.390	132	26	0	0	43	0	132	1.316E-20	91
NODE_2_length_15078_cov_3.765482	UniRef50_A0A0D8JU09	0.948	103	5	0	0	103	0	103	7.327E-60	207
NODE_3_length_14452_cov_3.888139	UniRef50_J3K5E7	1.000	22	0	0	0	22	0	22	6.991E-07	50
NODE_3_length_14452_cov_3.888139	UniRef50_J3K5E7	0.641	130	32	0	0	91	0	130	5.681E-46	167
NODE_3_length_14452_cov_3.888139	UniRef50_E9DJN5	0.704	79	16	0	0	54	0	79	1.734E-28	114
NODE_3_length_14452_cov_3.888139	UniRef50_A0A1V6X2P3	0.236	1413	165	0	0	217	0	1413	2.008E-130	417
NODE_3_length_14452_cov_3.888139	UniRef50_J3K5E7	0.627	330	74	0	0	200	0	330	4.486E-127	407
NODE_3_length_14452_cov_3.888139	UniRef50_J3K5E7	0.469	558	120	0	0	227	0	558	6.716E-151	477
NODE_3_length_14452_cov_3.888139	UniRef50_J3K5E7	0.291	701	100	0	0	142	0	701	3.856E-91	300
NODE_3_length_14452_cov_3.888139	UniRef50_A0A0J6Y5E9	0.452	143	31	0	0	57	0	143	4.509E-30	119
NODE_3_length_14452_cov_3.888139	UniRef50_E9D530	0.327	105	16	0	0	25	0	105	2.686E-09	57
NODE_3_length_14452_cov_3.888139	UniRef50_E9D531	0.571	97	22	0	0	52	0	97	9.650E-27	109
NODE_3_length_14452_cov_3.888139	UniRef50_E9D532	0.662	116	24	0	0	72	0	116	2.931E-42	155
NODE_3_length_14452_cov_3.888139	UniRef50_A0A0J8RZP2	0.950	41	2	0	0	38	0	41	2.229E-18	84
NODE_3_length_14452_cov_3.888139	UniRef50_A0A150VHE4	0.446	125	25	0	0	47	0	125	1.190E-24	103
NODE_3_length_14452_cov_3.888139	UniRef50_E9D536	1.000	33	0	0	0	33	0	33	1.847E-15	76
NODE_3_length_14452_cov_3.888139	UniRef50_A6RD94	0.218	1110	109	0	0	140	0	1110	9.749E-85	281
NODE_3_length_14452_cov_3.888139	UniRef50_A6RD94	0.213	1251	109	0	0	140	0	1251	3.500E-91	300
NODE_3_length_14452_cov_3.888139	UniRef50_A6RD94	0.178	1353	82	0	0	101	0	1353	1.091E-61	213
NODE_3_length_14452_cov_3.888139	UniRef50_A0A1V6X2P3	0.148	1852	63	0	0	75	0	1852	1.974E-43	158
NODE_3_length_14452_cov_3.888139	UniRef50_A6RD94	0.162	1529	73	0	0	88	0	1529	4.048E-51	181
NODE_3_length_14452_cov_3.888139	UniRef50_J3K5E9	0.942	20	1	0	0	20	0	20	5.047E-04	42
NODE_3_length_14452_cov_3.888139	UniRef50_J3K5E9	0.680	147	34	0	0	106	0	147	9.721E-58	201
NODE_3_length_14452_cov_3.888139	UniRef50_E9D529	0.328	174	28	0	0	42	0	174	2.551E-21	93
NODE_3_length_14452_cov_3.888139	UniRef50_E9D530	0.999	82	0	0	0	82	0	82	3.454E-49	175
NODE_4_length_12923_cov_3.880975	UniRef50_J3K5F1	0.439	231	50	0	0	91	0	231	1.325E-51	183
NODE_4_length_12923_cov_3.880975	UniRef50_A0A0D8JUI0	1.000	24	0	0	0	24	0	24	4.462E-08	54
NODE_4_length_12923_cov_3.880975	UniRef50_A0A0D8JUI0	0.806	163	27	0	0	139	0	163	1.816E-81	272
NODE_4_length_12923_cov_3.880975	UniRef50_A0A0D8JUI0	0.530	307	67	0	0	144	0	307	5.607E-94	308
NODE_4_length_12923_cov_3.880975	UniRef50_A0A1J9NYG4	0.299	505	76	0	0	110	0	505	1.032E-66	228
NODE_4_length_12923_cov_3.880975	UniRef50_E9D526	0.450	103	20	0	0	38	0	103	4.552E-19	86
NODE_4_length_12923_cov_3.880975	UniRef50_E9D6S7	0.491	235	51	0	0	101	0	235	1.637E-62	215
NODE_4_length_12923_cov_3.880975	UniRef50_J3K5F4	0.544	340	73	0	0	161	0	340	4.114E-109	353
NODE_4_length_12923_cov_3.880975	UniRef50_J3K5F5	0.935	55	4	0	0	55	0	55	4.353E-27	110
NODE_4_length_12923_cov_3.880975	UniRef50_J3K5F0	0.979	102	2	0	0	102	0	102	8.351E-62	213
NODE_4_length_12923_cov_3.880975	UniRef50_J3K5F0	0.395	151	29	0	0	49	0	151	1.969E-25	105
NODE_4_length_12923_cov_3.880975	UniRef50_J3K5F1	1.000	30	0	0	0	30	0	30	2.954E-15	75
NODE_4_length_12923_cov_3.880975	UniRef50_J3K5F1	0.808	153	23	0	0	122	0	153	2.447E-76	256
NODE_4_length_12923_cov_3.880975	UniRef50_C4JNS5	0.205	600	53	0	0	68	0	600	1.311E-35	136
NODE_4_length_12923_cov_3.880975	UniRef50_A0A1J9NYG4	0.409	198	41	0	0	70	0	198	3.534E-38	143
NODE_4_length_12923_cov_3.880975	UniRef50_A0A1J9NYG4	0.392	281	52	0	0	87	0	281	2.670E-54	190
NODE_4_length_12923_cov_3.880975	UniRef50_A0A1J9NYG4	0.241	322	36	0	0	48	0	322	3.248E-24	102
NODE_4_length_12923_cov_3.880975	UniRef50_J3K5F4	0.819	180	26	0	0	144	0	180	3.727E-93	306
NODE_4_length_12923_cov_3.880975	UniRef50_J3K5F5	0.719	174	33	0	0	120	0	174	1.077E-75	254
NODE_4_length_12923_cov_3.880975	UniRef50_A0A0E1RVB7	0.945	53	3	0	0	53	0	53	3.615E-26	108
NODE_4_length_12923_cov_3.880975	UniRef50_A0A0E1RVB7	0.788	222	36	0	0	172	0	222	2.382E-111	360
NODE_4_length_12923_cov_3.880975	UniRef50_C4K096	0.951	347	16	0	0	337	0	347	3.221E-224	695
NODE_4_length_12923_cov_3.880975	UniRef50_C4K096	0.306	467	82	0	0	119	0	467	2.288E-63	218
NODE_4_length_12923_cov_3.880975	UniRef50_E9D526	0.989	64	1	0	0	64	0	64	7.799E-36	136
NODE_4_length_12923_cov_3.880975	UniRef50_C4K097	0.556	135	30	0	0	69	0	135	3.661E-39	146
NODE_5_length_8751_cov_3.900853	UniRef50_J3K5C8	0.978	24	1	0	0	24	0	24	2.198E-07	52
NODE_5_length_8751_cov_3.900853	UniRef50_E9D504	1.000	41	0	0	0	41	0	41	3.321E-21	93
NODE_5_length_8751_cov_3.900853	UniRef50_A0A0D8JU13	0.758	47	9	0	0	38	0	47	3.338E-15	75
NODE_5_length_8751_cov_3.900853	UniRef50_A0A0D8JU13	0.452	88	19	0	0	35	0	88	3.895E-15	75
NODE_5_length_8751_cov_3.900853	UniRef50_E9D503	0.404	158	35	0	0	59	0	158	5.809E-28	113
NODE_5_length_8751_cov_3.900853	UniRef50_J3K5G0	0.985	138	2	0	0	134	0	138	1.319E-87	289
NODE_5_length_8751_cov_3.900853	UniRef50_J3K5G1	0.980	179	4	0	0	179	0	179	1.880E-115	372
NODE_5_length_8751_cov_3.900853	UniRef50_J3K5G1	0.538	356	81	0	0	177	0	356	1.289E-112	364
NODE_5_length_8751_cov_3.900853	UniRef50_A0A7R7ZM43	0.944	146	8	0	0	139	0	146	2.528E-88	291
NODE_5_length_8751_cov_3.900853	UniRef50_A0A5N6JAE7	0.736	169	33	0	0	126	0	169	1.977E-75	254
NODE_5_length_8751_cov_3.900853	UniRef50_C4K0A4	0.691	38	8	0	0	28	0	38	1.573E-08	55
NODE_5_length_8751_cov_3.900853	UniRef50_E9D558	0.910	86	8	0	0	86	0	86	8.360E-46	166
NODE_5_length_8751_cov_3.900853	UniRef50_E9D558	0.374	136	26	0	0	42	0	136	1.153E-19	88
NODE_5_length_8751_cov_3.900853	UniRef50_J3K5G2	0.934	133	7	0	0	114	0	133	7.698E-79	263
NODE_5_length_8751_cov_3.900853	UniRef50_A0A0J6IBC1	0.783	99	18	0	0	86	0	99	5.112E-44	161
NODE_6_length_8106_cov_3.756134	UniRef50_A0A4U0XGT3	0.676	82	17	0	0	52	0	82	4.048E-28	113
NODE_6_length_8106_cov_3.756134	UniRef50_A0A0J8RA24	0.938	253	15	0	0	237	0	253	1.230E-158	500
NODE_6_length_8106_cov_3.756134	UniRef50_A0A0J8RA24	0.432	415	91	0	0	162	0	415	3.631E-97	318
NODE_6_length_8106_cov_3.756134	UniRef50_A7KPA2	1.000	22	0	0	0	22	0	22	1.952E-07	52
NODE_6_length_8106_cov_3.756134	UniRef50_A7KPA2	0.878	188	20	0	0	168	0	188	2.315E-106	345
NODE_6_length_8106_cov_3.756134	UniRef50_A0A0J8U277	0.440	102	20	0	0	37	0	102	5.477E-18	83
NODE_6_length_8106_cov_3.756134	UniRef50_A0A022VSX5	0.877	117	14	0	0	117	0	117	1.897E-62	216
NODE_6_length_8106_cov_3.756134	UniRef50_A0A022VSX5	0.752	380	72	0	0	290	0	380	6.822E-186	582
NODE_6_length_8106_cov_3.756134	UniRef50_A0A5N6G666	1.000	61	0	0	0	58	0	61	3.315E-37	139
NODE_6_length_8106_cov_3.756134	UniRef50_A0A094HNK1	0.873	35	3	0	0	27	0	35	2.731E-12	66
NODE_7_length_5785_cov_3.895585	UniRef50_E9D572	0.302	190	29	0	0	42	0	190	4.445E-20	89
NODE_7_length_5785_cov_3.895585	UniRef50_J3K551	0.240	243	24	0	0	33	0	243	3.768E-16	78
NODE_7_length_5785_cov_3.895585	UniRef50_E9D572	0.240	295	33	0	0	44	0	295	2.065E-21	93
NODE_7_length_5785_cov_3.895585	UniRef50_J3K551	0.257	305	36	0	0	49	0	305	1.133E-26	109
NODE_7_length_5785_cov_3.895585	UniRef50_E9D544	0.480	239	52	0	0	101	0	239	1.091E-61	213
NODE_7_length_5785_cov_3.895585	UniRef50_E9D544	0.361	400	72	0	0	113	0	400	6.655E-71	240
NODE_7_length_5785_cov_3.895585	UniRef50_E9D544	0.239	479	52	0	0	69	0	479	1.032E-39	147
NODE_7_length_5785_cov_3.895585	UniRef50_J3K551	0.405	126	24	0	0	41	0	126	8.611E-21	91
NODE_7_length_5785_cov_3.895585	UniRef50_J3K551	0.425	197	40	0	0	70	0	197	1.183E-40	150
NODE_7_length_5785_cov_3.895585	UniRef50_E9D544	0.176	523	32	0	0	40	0	523	1.671E-17	82
NODE_7_length_5785_cov_3.895585	UniRef50_E9D529	0.420	205	42	0	0	73	0	205	7.968E-42	154
NODE_7_length_5785_cov_3.895585	UniRef50_E9D530	1.000	58	0	0	0	58	0	58	8.384E-33	127
NODE_7_length_5785_cov_3.895585	UniRef50_E9D531	0.560	93	21	0	0	48	0	93	1.722E-24	102
NODE_7_length_5785_cov_3.895585	UniRef50_E9D572	0.752	146	27	0	0	108	0	146	6.230E-66	225
NODE_8_length_4360_cov_3.240486	UniRef50_A0A177D571	0.705	71	14	0	0	48	0	71	9.129E-25	103
NODE_8_length_4360_cov_3.240486	UniRef50_A0A0D2C7H3	0.727	332	61	0	0	225	0	332	6.513E-155	488
NODE_8_length_4360_cov_3.240486	UniRef50_A0A0D2C7H3	0.192	363	24	0	0	31	0	363	2.893E-14	72
NODE_8_length_4360_cov_3.240486	UniRef50_J3K6D4	0.944	165	9	0	0	164	0	165	7.957E-101	329
NODE_8_length_4360_cov_3.240486	UniRef50_J3K6D4	0.192	182	13	0	0	17	0	182	7.404E-03	38
NODE_8_length_4360_cov_3.240486	UniRef50_J3K6D4	0.411	279	59	0	0	102	0	279	7.997E-58	201
NODE_8_length_4360_cov_3.240486	UniRef50_J3K6D4	0.256	331	39	0	0	53	0	331	2.457E-29	117
NODE_8_length_4360_cov_3.240486	UniRef50_J3K6D4	0.182	358	24	0	0	30	0	358	5.684E-11	63
NODE_9_length_4031_cov_3.378945	UniRef50_A0A5N7AGI5	0.876	346	38	0	0	306	0	346	5.964E-203	632
NODE_9_length_4031_cov_3.378945	UniRef50_A0A5N7AGI5	0.239	396	42	0	0	56	0	396	3.391E-31	122
NODE_9_length_4031_cov_3.378945	UniRef50_A0A1L9X3E4	0.298	396	59	0	0	85	0	396	3.193E-50	179
NODE_9_length_4031_cov_3.378945	UniRef50_C5PDR8	0.531	473	111	0	0	238	0	473	1.028E-149	474
NODE_9_length_4031_cov_3.378945	UniRef50_C5PDR8	0.281	582	79	0	0	111	0	582	7.559E-70	237
NODE_10_length_3878_cov_3.309129	UniRef50_C5P6Z7	0.396	198	40	0	0	68	0	198	3.694E-36	137
NODE_10_length_3878_cov_3.309129	UniRef50_C5P6Z7	0.216	383	35	0	0	46	0	383	6.987E-23	98
NODE_10_length_3878_cov_3.309129	UniRef50_A0A0J8UXN1	0.772	190	31	0	0	138	0	190	8.985E-92	301
NODE_10_length_3878_cov_3.309129	UniRef50_C5P6Z7	0.185	449	33	0	0	41	0	449	4.576E-17	81
NODE_10_length_3878_cov_3.309129	UniRef50_C5P6Z8	0.245	405	42	0	0	56	0	405	2.317E-34	131
NODE_10_length_3878_cov_3.309129	UniRef50_C5P6Z8	0.257	482	57	0	0	78	0	482	4.466E-47	169
NODE_10_length_3878_cov_3.309129	UniRef50_E9DAR7	0.382	114	22	0	0	37	0	114	8.860E-16	77
NODE_10_length_3878_cov_3.309129	UniRef50_A0A1J9QCV7	0.371	253	48	0	0	78	0	253	1.672E-43	159
NODE_10_length_3878_cov_3.309129	UniRef50_A0A0J8S8H1	0.704	146	30	0	0	101	0	146	2.573E-60	209
NODE_10_length_3878_cov_3.309129	UniRef50_A0A1J9QJK2	0.569	90	19	0	0	44	0	90	3.613E-24	101
NODE_10_length_3878_cov_3.309129	UniRef50_A0A1J9QJW5	0.350	189	32	0	0	50	0	189	3.358E-27	110
NODE_10_length_3878_cov_3.309129	UniRef50_C5P6Z8	0.548	310	70	0	0	156	0	310	1.746E-99	325
NODE_10_length_3878_cov_3.309129	UniRef50_E9DAR5	0.544	66	13	0	0	30	0	66	5.170E-14	71
NODE_10_length_3878_cov_3.309129	UniRef50_C5P6Z7	0.691	89	18	0	0	60	0	89	2.404E-32	126
NODE_10_length_3878_cov_3.309129	UniRef50_A0A0J8UXN1	0.975	21	0	0	0	21	0	21	3.030E-05	46
NODE_10_length_3878_cov_3.309129	UniRef50_C5P6Z7	0.371	129	24	0	0	39	0	129	6.103E-18	83
NODE_10_length_3878_cov_3.309129	UniRef50_A6RFT9	0.880	124	13	0	0	113	0	124	3.374E-67	229
NODE_10_length_3878_cov_3.309129	UniRef50_E9DAR7	1.000	66	0	0	0	66	0	66	1.819E-40	149
NODE_10_length_3878_cov_3.309129	UniRef50_A0A0J6F216	0.983	84	1	0	0	84	0	84	1.477E-49	177
NODE_10_length_3878_cov_3.309129	UniRef50_A0A0J6FJC9	0.702	66	12	0	0	42	0	66	2.763E-22	96
NODE_10_length_3878_cov_3.309129	UniRef50_C5P6Z8	0.226	349	33	0	0	44	0	349	4.576E-23	98
NODE_39_length_608_cov_4.627119	UniRef50_A0A0J6XZ68	0.908	46	4	0	0	46	0	46	4.001E-20	90
NODE_39_length_608_cov_4.627119	UniRef50_A0A0J6XZ68	0.622	90	22	0	0	58	0	90	1.040E-27	112
NODE_39_length_608_cov_4.627119	UniRef50_J3KGI8	0.242	208	22	0	0	30	0	208	9.060E-13	68
NODE_43_length_481_cov_3.393564	UniRef50_A0A0J8TK82	0.290	377	50	0	0	72	0	377	7.165E-45	162
NODE_43_length_481_cov_3.393564	UniRef50_A0A0J8TK82	0.254	446	53	0	0	72	0	446	7.577E-42	154
NODE_44_length_467_cov_3.379487	UniRef50_E9CX81	0.960	28	1	0	0	28	0	28	8.925E-10	59
NODE_48_length_427_cov_2.028571	UniRef50_J3K095	0.338	143	24	0	0	37	0	143	5.067E-17	80
NODE_50_length_406_cov_0.626140	UniRef50_A0A059PA96	0.563	137	33	0	0	77	0	137	1.682E-40	150
NODE_52_length_375_cov_1.154362	UniRef50_A0A0J8R2I5	0.360	437	79	0	0	124	0	437	6.090E-78	261
NODE_55_length_336_cov_3.119691	UniRef50_C5GJG6	0.351	117	19	0	0	31	0	117	1.420E-13	70
NODE_57_length_325_cov_2.189516	UniRef50_C4JPF0	0.216	534	45	0	0	59	0	534	1.138E-35	135
NODE_59_length_320_cov_3.057613	UniRef50_A0A0J8RX76	0.471	88	17	0	0	34	0	88	1.534E-16	79
NODE_62_length_308_cov_1.852814	UniRef50_J3K6D4	0.195	1141	81	0	0	102	0	1141	3.382E-66	226
